0.000000000000000000e+00,0.000000000000000000e+00,0.000000000000000000e+00,0.000000000000000000e+00,0.000000000000000000e+00,0.000000000000000000e+00,0.000000000000000000e+00,0.000000000000000000e+00,0.000000000000000000e+00,0.000000000000000000e+00,0.000000000000000000e+00,0.000000000000000000e+00,0.000000000000000000e+00,0.000000000000000000e+00,0.000000000000000000e+00,0.000000000000000000e+00,0.000000000000000000e+00,0.000000000000000000e+00,0.000000000000000000e+00,0.000000000000000000e+00,0.000000000000000000e+00,0.000000000000000000e+00,0.000000000000000000e+00,0.000000000000000000e+00,0.000000000000000000e+00,0.000000000000000000e+00,0.000000000000000000e+00,0.000000000000000000e+00,0.000000000000000000e+00,0.000000000000000000e+00,0.000000000000000000e+00,0.000000000000000000e+00,0.000000000000000000e+00,0.000000000000000000e+00,0.000000000000000000e+00,0.000000000000000000e+00,0.000000000000000000e+00,0.000000000000000000e+00,0.000000000000000000e+00,0.000000000000000000e+00,0.000000000000000000e+00,0.000000000000000000e+00,0.000000000000000000e+00,0.000000000000000000e+00,0.000000000000000000e+00,0.000000000000000000e+00,0.000000000000000000e+00,0.000000000000000000e+00,0.000000000000000000e+00,0.000000000000000000e+00,0.000000000000000000e+00,0.000000000000000000e+00,0.000000000000000000e+00,0.000000000000000000e+00,0.000000000000000000e+00,0.000000000000000000e+00,0.000000000000000000e+00,0.000000000000000000e+00,0.000000000000000000e+00,0.000000000000000000e+00,0.000000000000000000e+00,0.000000000000000000e+00,0.000000000000000000e+00,0.000000000000000000e+00,0.000000000000000000e+00,0.000000000000000000e+00,0.000000000000000000e+00,0.000000000000000000e+00,0.000000000000000000e+00,0.000000000000000000e+00,0.000000000000000000e+00,0.000000000000000000e+00,0.000000000000000000e+00,0.000000000000000000e+00,0.000000000000000000e+00,0.000000000000000000e+00,0.000000000000000000e+00,0.000000000000000000e+00,0.000000000000000000e+00,0.000000000000000000e+00,0.000000000000000000e+00,0.000000000000000000e+00,0.000000000000000000e+00,0.000000000000000000e+00,0.000000000000000000e+00,0.000000000000000000e+00,0.000000000000000000e+00,0.000000000000000000e+00,0.000000000000000000e+00,0.000000000000000000e+00,0.000000000000000000e+00,0.000000000000000000e+00,0.000000000000000000e+00,0.000000000000000000e+00,0.000000000000000000e+00,0.000000000000000000e+00,0.000000000000000000e+00,0.000000000000000000e+00,0.000000000000000000e+00,0.000000000000000000e+00,0.000000000000000000e+00,0.000000000000000000e+00,0.000000000000000000e+00,0.000000000000000000e+00,0.000000000000000000e+00,0.000000000000000000e+00,0.000000000000000000e+00,0.000000000000000000e+00,0.000000000000000000e+00,0.000000000000000000e+00,0.000000000000000000e+00,0.000000000000000000e+00,0.000000000000000000e+00,0.000000000000000000e+00,0.000000000000000000e+00,0.000000000000000000e+00,0.000000000000000000e+00,0.000000000000000000e+00,0.000000000000000000e+00,0.000000000000000000e+00,0.000000000000000000e+00,0.000000000000000000e+00,0.000000000000000000e+00,0.000000000000000000e+00,0.000000000000000000e+00,0.000000000000000000e+00,0.000000000000000000e+00,0.000000000000000000e+00
0.000000000000000000e+00,0.000000000000000000e+00,0.000000000000000000e+00,0.000000000000000000e+00,0.000000000000000000e+00,0.000000000000000000e+00,0.000000000000000000e+00,0.000000000000000000e+00,0.000000000000000000e+00,0.000000000000000000e+00,0.000000000000000000e+00,0.000000000000000000e+00,0.000000000000000000e+00,0.000000000000000000e+00,0.000000000000000000e+00,0.000000000000000000e+00,0.000000000000000000e+00,0.000000000000000000e+00,0.000000000000000000e+00,0.000000000000000000e+00,0.000000000000000000e+00,0.000000000000000000e+00,0.000000000000000000e+00,0.000000000000000000e+00,0.000000000000000000e+00,0.000000000000000000e+00,0.000000000000000000e+00,0.000000000000000000e+00,0.000000000000000000e+00,0.000000000000000000e+00,0.000000000000000000e+00,0.000000000000000000e+00,0.000000000000000000e+00,0.000000000000000000e+00,0.000000000000000000e+00,0.000000000000000000e+00,0.000000000000000000e+00,0.000000000000000000e+00,0.000000000000000000e+00,0.000000000000000000e+00,0.000000000000000000e+00,0.000000000000000000e+00,0.000000000000000000e+00,0.000000000000000000e+00,0.000000000000000000e+00,0.000000000000000000e+00,0.000000000000000000e+00,0.000000000000000000e+00,0.000000000000000000e+00,0.000000000000000000e+00,0.000000000000000000e+00,0.000000000000000000e+00,0.000000000000000000e+00,0.000000000000000000e+00,0.000000000000000000e+00,0.000000000000000000e+00,0.000000000000000000e+00,0.000000000000000000e+00,0.000000000000000000e+00,0.000000000000000000e+00,0.000000000000000000e+00,0.000000000000000000e+00,0.000000000000000000e+00,0.000000000000000000e+00,0.000000000000000000e+00,0.000000000000000000e+00,0.000000000000000000e+00,0.000000000000000000e+00,0.000000000000000000e+00,0.000000000000000000e+00,0.000000000000000000e+00,0.000000000000000000e+00,0.000000000000000000e+00,0.000000000000000000e+00,0.000000000000000000e+00,0.000000000000000000e+00,0.000000000000000000e+00,0.000000000000000000e+00,0.000000000000000000e+00,0.000000000000000000e+00,0.000000000000000000e+00,0.000000000000000000e+00,0.000000000000000000e+00,0.000000000000000000e+00,0.000000000000000000e+00,0.000000000000000000e+00,0.000000000000000000e+00,0.000000000000000000e+00,0.000000000000000000e+00,0.000000000000000000e+00,0.000000000000000000e+00,0.000000000000000000e+00,0.000000000000000000e+00,0.000000000000000000e+00,0.000000000000000000e+00,0.000000000000000000e+00,0.000000000000000000e+00,0.000000000000000000e+00,0.000000000000000000e+00,0.000000000000000000e+00,0.000000000000000000e+00,0.000000000000000000e+00,0.000000000000000000e+00,0.000000000000000000e+00,0.000000000000000000e+00,0.000000000000000000e+00,0.000000000000000000e+00,0.000000000000000000e+00,0.000000000000000000e+00,0.000000000000000000e+00,0.000000000000000000e+00,0.000000000000000000e+00,0.000000000000000000e+00,0.000000000000000000e+00,0.000000000000000000e+00,0.000000000000000000e+00,0.000000000000000000e+00,0.000000000000000000e+00,0.000000000000000000e+00,0.000000000000000000e+00,0.000000000000000000e+00,0.000000000000000000e+00,0.000000000000000000e+00,0.000000000000000000e+00,0.000000000000000000e+00,0.000000000000000000e+00,0.000000000000000000e+00,0.000000000000000000e+00
0.000000000000000000e+00,0.000000000000000000e+00,0.000000000000000000e+00,0.000000000000000000e+00,0.000000000000000000e+00,0.000000000000000000e+00,0.000000000000000000e+00,0.000000000000000000e+00,0.000000000000000000e+00,0.000000000000000000e+00,0.000000000000000000e+00,0.000000000000000000e+00,0.000000000000000000e+00,0.000000000000000000e+00,0.000000000000000000e+00,0.000000000000000000e+00,0.000000000000000000e+00,0.000000000000000000e+00,0.000000000000000000e+00,0.000000000000000000e+00,0.000000000000000000e+00,0.000000000000000000e+00,0.000000000000000000e+00,0.000000000000000000e+00,0.000000000000000000e+00,0.000000000000000000e+00,0.000000000000000000e+00,0.000000000000000000e+00,0.000000000000000000e+00,0.000000000000000000e+00,0.000000000000000000e+00,0.000000000000000000e+00,0.000000000000000000e+00,0.000000000000000000e+00,0.000000000000000000e+00,0.000000000000000000e+00,0.000000000000000000e+00,0.000000000000000000e+00,0.000000000000000000e+00,0.000000000000000000e+00,0.000000000000000000e+00,0.000000000000000000e+00,0.000000000000000000e+00,0.000000000000000000e+00,0.000000000000000000e+00,0.000000000000000000e+00,0.000000000000000000e+00,0.000000000000000000e+00,0.000000000000000000e+00,0.000000000000000000e+00,0.000000000000000000e+00,0.000000000000000000e+00,0.000000000000000000e+00,0.000000000000000000e+00,0.000000000000000000e+00,0.000000000000000000e+00,0.000000000000000000e+00,0.000000000000000000e+00,0.000000000000000000e+00,0.000000000000000000e+00,0.000000000000000000e+00,0.000000000000000000e+00,0.000000000000000000e+00,0.000000000000000000e+00,0.000000000000000000e+00,0.000000000000000000e+00,0.000000000000000000e+00,0.000000000000000000e+00,0.000000000000000000e+00,0.000000000000000000e+00,0.000000000000000000e+00,0.000000000000000000e+00,0.000000000000000000e+00,0.000000000000000000e+00,0.000000000000000000e+00,0.000000000000000000e+00,0.000000000000000000e+00,0.000000000000000000e+00,0.000000000000000000e+00,0.000000000000000000e+00,0.000000000000000000e+00,0.000000000000000000e+00,0.000000000000000000e+00,0.000000000000000000e+00,0.000000000000000000e+00,0.000000000000000000e+00,0.000000000000000000e+00,0.000000000000000000e+00,0.000000000000000000e+00,0.000000000000000000e+00,0.000000000000000000e+00,0.000000000000000000e+00,0.000000000000000000e+00,0.000000000000000000e+00,0.000000000000000000e+00,0.000000000000000000e+00,0.000000000000000000e+00,0.000000000000000000e+00,0.000000000000000000e+00,0.000000000000000000e+00,0.000000000000000000e+00,0.000000000000000000e+00,0.000000000000000000e+00,0.000000000000000000e+00,0.000000000000000000e+00,0.000000000000000000e+00,0.000000000000000000e+00,0.000000000000000000e+00,0.000000000000000000e+00,0.000000000000000000e+00,0.000000000000000000e+00,0.000000000000000000e+00,0.000000000000000000e+00,0.000000000000000000e+00,0.000000000000000000e+00,0.000000000000000000e+00,0.000000000000000000e+00,0.000000000000000000e+00,0.000000000000000000e+00,0.000000000000000000e+00,0.000000000000000000e+00,0.000000000000000000e+00,0.000000000000000000e+00,0.000000000000000000e+00,0.000000000000000000e+00,0.000000000000000000e+00,0.000000000000000000e+00,0.000000000000000000e+00
0.000000000000000000e+00,0.000000000000000000e+00,0.000000000000000000e+00,0.000000000000000000e+00,0.000000000000000000e+00,0.000000000000000000e+00,0.000000000000000000e+00,0.000000000000000000e+00,0.000000000000000000e+00,0.000000000000000000e+00,0.000000000000000000e+00,0.000000000000000000e+00,0.000000000000000000e+00,0.000000000000000000e+00,0.000000000000000000e+00,0.000000000000000000e+00,0.000000000000000000e+00,0.000000000000000000e+00,0.000000000000000000e+00,0.000000000000000000e+00,0.000000000000000000e+00,0.000000000000000000e+00,0.000000000000000000e+00,0.000000000000000000e+00,0.000000000000000000e+00,0.000000000000000000e+00,0.000000000000000000e+00,0.000000000000000000e+00,0.000000000000000000e+00,0.000000000000000000e+00,0.000000000000000000e+00,0.000000000000000000e+00,0.000000000000000000e+00,0.000000000000000000e+00,0.000000000000000000e+00,0.000000000000000000e+00,0.000000000000000000e+00,0.000000000000000000e+00,0.000000000000000000e+00,0.000000000000000000e+00,0.000000000000000000e+00,0.000000000000000000e+00,0.000000000000000000e+00,0.000000000000000000e+00,0.000000000000000000e+00,0.000000000000000000e+00,0.000000000000000000e+00,0.000000000000000000e+00,0.000000000000000000e+00,0.000000000000000000e+00,0.000000000000000000e+00,0.000000000000000000e+00,0.000000000000000000e+00,0.000000000000000000e+00,0.000000000000000000e+00,0.000000000000000000e+00,0.000000000000000000e+00,9.531357108877203110e-01,0.000000000000000000e+00,1.110573305989709825e+00,8.050757946333171322e-01,9.352196260965977004e-01,0.000000000000000000e+00,1.009202517410527244e+00,1.108099868782605801e+00,1.021636223990533887e+00,0.000000000000000000e+00,0.000000000000000000e+00,0.000000000000000000e+00,0.000000000000000000e+00,0.000000000000000000e+00,0.000000000000000000e+00,0.000000000000000000e+00,0.000000000000000000e+00,0.000000000000000000e+00,0.000000000000000000e+00,0.000000000000000000e+00,0.000000000000000000e+00,0.000000000000000000e+00,0.000000000000000000e+00,0.000000000000000000e+00,0.000000000000000000e+00,0.000000000000000000e+00,0.000000000000000000e+00,0.000000000000000000e+00,0.000000000000000000e+00,0.000000000000000000e+00,0.000000000000000000e+00,0.000000000000000000e+00,0.000000000000000000e+00,0.000000000000000000e+00,0.000000000000000000e+00,0.000000000000000000e+00,0.000000000000000000e+00,0.000000000000000000e+00,0.000000000000000000e+00,0.000000000000000000e+00,0.000000000000000000e+00,0.000000000000000000e+00,0.000000000000000000e+00,0.000000000000000000e+00,0.000000000000000000e+00,0.000000000000000000e+00,0.000000000000000000e+00,0.000000000000000000e+00,0.000000000000000000e+00,0.000000000000000000e+00,0.000000000000000000e+00,0.000000000000000000e+00,0.000000000000000000e+00,0.000000000000000000e+00,0.000000000000000000e+00,0.000000000000000000e+00,0.000000000000000000e+00,0.000000000000000000e+00,0.000000000000000000e+00,0.000000000000000000e+00,0.000000000000000000e+00,0.000000000000000000e+00,0.000000000000000000e+00,0.000000000000000000e+00,0.000000000000000000e+00,0.000000000000000000e+00,0.000000000000000000e+00,0.000000000000000000e+00,0.000000000000000000e+00,0.000000000000000000e+00,0.000000000000000000e+00
0.000000000000000000e+00,0.000000000000000000e+00,0.000000000000000000e+00,0.000000000000000000e+00,0.000000000000000000e+00,0.000000000000000000e+00,0.000000000000000000e+00,0.000000000000000000e+00,0.000000000000000000e+00,0.000000000000000000e+00,0.000000000000000000e+00,0.000000000000000000e+00,0.000000000000000000e+00,0.000000000000000000e+00,0.000000000000000000e+00,0.000000000000000000e+00,0.000000000000000000e+00,0.000000000000000000e+00,0.000000000000000000e+00,0.000000000000000000e+00,0.000000000000000000e+00,0.000000000000000000e+00,0.000000000000000000e+00,0.000000000000000000e+00,0.000000000000000000e+00,0.000000000000000000e+00,0.000000000000000000e+00,0.000000000000000000e+00,0.000000000000000000e+00,0.000000000000000000e+00,0.000000000000000000e+00,0.000000000000000000e+00,0.000000000000000000e+00,0.000000000000000000e+00,0.000000000000000000e+00,0.000000000000000000e+00,0.000000000000000000e+00,0.000000000000000000e+00,0.000000000000000000e+00,0.000000000000000000e+00,0.000000000000000000e+00,0.000000000000000000e+00,0.000000000000000000e+00,0.000000000000000000e+00,0.000000000000000000e+00,0.000000000000000000e+00,0.000000000000000000e+00,0.000000000000000000e+00,0.000000000000000000e+00,0.000000000000000000e+00,0.000000000000000000e+00,0.000000000000000000e+00,0.000000000000000000e+00,0.000000000000000000e+00,1.013313321962097779e+00,0.000000000000000000e+00,0.000000000000000000e+00,7.859981691680726357e-01,1.162469254867733559e+00,9.911092451860357144e-01,7.284580396535723645e-01,7.231640132026017076e-01,1.154377821539187776e+00,8.432827814972712055e-01,9.513132716699617131e-01,8.090029936315283887e-01,0.000000000000000000e+00,0.000000000000000000e+00,0.000000000000000000e+00,0.000000000000000000e+00,0.000000000000000000e+00,0.000000000000000000e+00,0.000000000000000000e+00,0.000000000000000000e+00,0.000000000000000000e+00,0.000000000000000000e+00,0.000000000000000000e+00,0.000000000000000000e+00,0.000000000000000000e+00,0.000000000000000000e+00,0.000000000000000000e+00,0.000000000000000000e+00,0.000000000000000000e+00,0.000000000000000000e+00,0.000000000000000000e+00,0.000000000000000000e+00,0.000000000000000000e+00,0.000000000000000000e+00,0.000000000000000000e+00,0.000000000000000000e+00,0.000000000000000000e+00,0.000000000000000000e+00,0.000000000000000000e+00,0.000000000000000000e+00,0.000000000000000000e+00,0.000000000000000000e+00,0.000000000000000000e+00,0.000000000000000000e+00,0.000000000000000000e+00,0.000000000000000000e+00,0.000000000000000000e+00,0.000000000000000000e+00,0.000000000000000000e+00,0.000000000000000000e+00,0.000000000000000000e+00,0.000000000000000000e+00,0.000000000000000000e+00,0.000000000000000000e+00,0.000000000000000000e+00,0.000000000000000000e+00,0.000000000000000000e+00,0.000000000000000000e+00,0.000000000000000000e+00,0.000000000000000000e+00,0.000000000000000000e+00,0.000000000000000000e+00,0.000000000000000000e+00,0.000000000000000000e+00,0.000000000000000000e+00,0.000000000000000000e+00,0.000000000000000000e+00,0.000000000000000000e+00,0.000000000000000000e+00,0.000000000000000000e+00,0.000000000000000000e+00,0.000000000000000000e+00,0.000000000000000000e+00,0.000000000000000000e+00
0.000000000000000000e+00,0.000000000000000000e+00,0.000000000000000000e+00,0.000000000000000000e+00,0.000000000000000000e+00,0.000000000000000000e+00,0.000000000000000000e+00,0.000000000000000000e+00,0.000000000000000000e+00,0.000000000000000000e+00,0.000000000000000000e+00,0.000000000000000000e+00,0.000000000000000000e+00,0.000000000000000000e+00,0.000000000000000000e+00,0.000000000000000000e+00,0.000000000000000000e+00,0.000000000000000000e+00,0.000000000000000000e+00,0.000000000000000000e+00,0.000000000000000000e+00,0.000000000000000000e+00,0.000000000000000000e+00,0.000000000000000000e+00,0.000000000000000000e+00,0.000000000000000000e+00,0.000000000000000000e+00,0.000000000000000000e+00,0.000000000000000000e+00,0.000000000000000000e+00,0.000000000000000000e+00,0.000000000000000000e+00,0.000000000000000000e+00,0.000000000000000000e+00,0.000000000000000000e+00,0.000000000000000000e+00,0.000000000000000000e+00,0.000000000000000000e+00,0.000000000000000000e+00,0.000000000000000000e+00,0.000000000000000000e+00,0.000000000000000000e+00,0.000000000000000000e+00,0.000000000000000000e+00,0.000000000000000000e+00,0.000000000000000000e+00,0.000000000000000000e+00,0.000000000000000000e+00,1.013313321962097779e+00,0.000000000000000000e+00,1.115553455343923694e+00,5.584027397119977199e-01,7.884894470418224444e-01,5.253820919571171588e-01,3.865865121083061351e-01,5.097713535690471254e-01,5.226227322304516365e-01,3.156959651544352652e-01,4.990339429121262715e-01,4.163488209902845294e-01,3.433656598229054002e-01,3.380005713881725771e-01,4.950615334163084302e-01,3.421848975814236193e-01,3.800892598039648518e-01,3.375419546020284600e-01,5.108181119952669436e-01,6.769208722222992414e-01,5.705697718846215460e-01,7.200243720454269081e-01,9.062601841227504451e-01,9.832743894928656081e-01,0.000000000000000000e+00,0.000000000000000000e+00,0.000000000000000000e+00,0.000000000000000000e+00,0.000000000000000000e+00,0.000000000000000000e+00,0.000000000000000000e+00,0.000000000000000000e+00,0.000000000000000000e+00,0.000000000000000000e+00,0.000000000000000000e+00,0.000000000000000000e+00,0.000000000000000000e+00,0.000000000000000000e+00,0.000000000000000000e+00,0.000000000000000000e+00,0.000000000000000000e+00,0.000000000000000000e+00,0.000000000000000000e+00,0.000000000000000000e+00,0.000000000000000000e+00,0.000000000000000000e+00,0.000000000000000000e+00,0.000000000000000000e+00,0.000000000000000000e+00,0.000000000000000000e+00,0.000000000000000000e+00,0.000000000000000000e+00,0.000000000000000000e+00,0.000000000000000000e+00,0.000000000000000000e+00,0.000000000000000000e+00,0.000000000000000000e+00,0.000000000000000000e+00,0.000000000000000000e+00,0.000000000000000000e+00,0.000000000000000000e+00,0.000000000000000000e+00,0.000000000000000000e+00,0.000000000000000000e+00,0.000000000000000000e+00,0.000000000000000000e+00,0.000000000000000000e+00,0.000000000000000000e+00,0.000000000000000000e+00,0.000000000000000000e+00,0.000000000000000000e+00,0.000000000000000000e+00,0.000000000000000000e+00,0.000000000000000000e+00,0.000000000000000000e+00,0.000000000000000000e+00,0.000000000000000000e+00,0.000000000000000000e+00,0.000000000000000000e+00,0.000000000000000000e+00
0.000000000000000000e+00,0.000000000000000000e+00,0.000000000000000000e+00,0.000000000000000000e+00,0.000000000000000000e+00,0.000000000000000000e+00,0.000000000000000000e+00,0.000000000000000000e+00,0.000000000000000000e+00,0.000000000000000000e+00,0.000000000000000000e+00,0.000000000000000000e+00,0.000000000000000000e+00,0.000000000000000000e+00,0.000000000000000000e+00,0.000000000000000000e+00,0.000000000000000000e+00,0.000000000000000000e+00,0.000000000000000000e+00,0.000000000000000000e+00,0.000000000000000000e+00,0.000000000000000000e+00,0.000000000000000000e+00,0.000000000000000000e+00,0.000000000000000000e+00,0.000000000000000000e+00,0.000000000000000000e+00,0.000000000000000000e+00,0.000000000000000000e+00,0.000000000000000000e+00,0.000000000000000000e+00,0.000000000000000000e+00,0.000000000000000000e+00,0.000000000000000000e+00,0.000000000000000000e+00,0.000000000000000000e+00,0.000000000000000000e+00,0.000000000000000000e+00,0.000000000000000000e+00,0.000000000000000000e+00,0.000000000000000000e+00,0.000000000000000000e+00,0.000000000000000000e+00,0.000000000000000000e+00,0.000000000000000000e+00,1.088702059263435329e+00,0.000000000000000000e+00,0.000000000000000000e+00,5.958525042914849523e-01,9.736533093608414902e-01,7.067284674479971107e-01,3.685458082099184463e-01,6.581175146605687809e-01,4.490404702918681656e-01,3.576828476516102917e-01,5.040900112293718038e-01,5.491576612399448054e-01,3.407786582762944994e-01,5.344112149123415589e-01,5.000370262144622213e-01,3.871882031777353905e-01,3.874897516225778160e-01,5.679644304604908323e-01,3.973936430378514073e-01,4.177471377694290111e-01,3.414803301876389585e-01,4.990339429121262715e-01,5.182675427951978220e-01,4.395201776355034951e-01,4.965437535762374233e-01,6.165264449608302000e-01,5.846496369957578931e-01,7.584403065295578505e-01,6.444777734240803024e-01,0.000000000000000000e+00,0.000000000000000000e+00,0.000000000000000000e+00,0.000000000000000000e+00,0.000000000000000000e+00,0.000000000000000000e+00,0.000000000000000000e+00,0.000000000000000000e+00,0.000000000000000000e+00,0.000000000000000000e+00,0.000000000000000000e+00,0.000000000000000000e+00,0.000000000000000000e+00,0.000000000000000000e+00,0.000000000000000000e+00,0.000000000000000000e+00,0.000000000000000000e+00,0.000000000000000000e+00,0.000000000000000000e+00,0.000000000000000000e+00,0.000000000000000000e+00,0.000000000000000000e+00,0.000000000000000000e+00,0.000000000000000000e+00,0.000000000000000000e+00,0.000000000000000000e+00,0.000000000000000000e+00,0.000000000000000000e+00,0.000000000000000000e+00,0.000000000000000000e+00,0.000000000000000000e+00,0.000000000000000000e+00,0.000000000000000000e+00,0.000000000000000000e+00,0.000000000000000000e+00,0.000000000000000000e+00,0.000000000000000000e+00,0.000000000000000000e+00,0.000000000000000000e+00,0.000000000000000000e+00,0.000000000000000000e+00,0.000000000000000000e+00,0.000000000000000000e+00,0.000000000000000000e+00,0.000000000000000000e+00,0.000000000000000000e+00,0.000000000000000000e+00,0.000000000000000000e+00,0.000000000000000000e+00,0.000000000000000000e+00,0.000000000000000000e+00,0.000000000000000000e+00,0.000000000000000000e+00,0.000000000000000000e+00
0.000000000000000000e+00,0.000000000000000000e+00,0.000000000000000000e+00,0.000000000000000000e+00,0.000000000000000000e+00,0.000000000000000000e+00,0.000000000000000000e+00,0.000000000000000000e+00,0.000000000000000000e+00,0.000000000000000000e+00,0.000000000000000000e+00,0.000000000000000000e+00,0.000000000000000000e+00,0.000000000000000000e+00,0.000000000000000000e+00,0.000000000000000000e+00,0.000000000000000000e+00,0.000000000000000000e+00,0.000000000000000000e+00,0.000000000000000000e+00,0.000000000000000000e+00,0.000000000000000000e+00,0.000000000000000000e+00,0.000000000000000000e+00,0.000000000000000000e+00,0.000000000000000000e+00,0.000000000000000000e+00,0.000000000000000000e+00,0.000000000000000000e+00,0.000000000000000000e+00,0.000000000000000000e+00,0.000000000000000000e+00,0.000000000000000000e+00,0.000000000000000000e+00,0.000000000000000000e+00,0.000000000000000000e+00,0.000000000000000000e+00,0.000000000000000000e+00,0.000000000000000000e+00,0.000000000000000000e+00,0.000000000000000000e+00,1.237653833540770965e+00,0.000000000000000000e+00,1.110573305989709825e+00,6.453136719628922435e-01,3.486593140037771432e-01,5.596589888452080386e-01,6.696323567744144611e-01,2.726229266210355995e-01,4.926107337459306734e-01,4.364358255117455898e-01,2.560663103877457436e-01,4.426484351275711826e-01,3.325781023284691829e-01,2.986415612745437764e-01,4.426484351275711826e-01,5.129245784364845351e-01,3.094134583851927411e-01,4.930989505286322294e-01,4.724946259101518442e-01,3.348161783872072306e-01,3.503780571009788569e-01,5.349858506273010850e-01,3.704667468975353928e-01,3.647630799731597651e-01,2.952740896637329193e-01,3.856874737080542292e-01,4.442293223958839188e-01,3.424203999197453219e-01,3.455116951967985850e-01,3.639625757742427914e-01,3.245511031202805152e-01,3.631655774331313813e-01,2.682139305031752130e-01,4.446263101728239464e-01,6.127300998563915968e-01,5.390431647707366603e-01,9.494977883270799834e-01,1.167926857003262819e+00,0.000000000000000000e+00,0.000000000000000000e+00,0.000000000000000000e+00,0.000000000000000000e+00,0.000000000000000000e+00,0.000000000000000000e+00,0.000000000000000000e+00,0.000000000000000000e+00,0.000000000000000000e+00,0.000000000000000000e+00,0.000000000000000000e+00,0.000000000000000000e+00,0.000000000000000000e+00,0.000000000000000000e+00,0.000000000000000000e+00,0.000000000000000000e+00,0.000000000000000000e+00,0.000000000000000000e+00,0.000000000000000000e+00,0.000000000000000000e+00,0.000000000000000000e+00,0.000000000000000000e+00,0.000000000000000000e+00,0.000000000000000000e+00,0.000000000000000000e+00,0.000000000000000000e+00,0.000000000000000000e+00,0.000000000000000000e+00,0.000000000000000000e+00,0.000000000000000000e+00,0.000000000000000000e+00,0.000000000000000000e+00,0.000000000000000000e+00,0.000000000000000000e+00,0.000000000000000000e+00,0.000000000000000000e+00,0.000000000000000000e+00,0.000000000000000000e+00,0.000000000000000000e+00,0.000000000000000000e+00,0.000000000000000000e+00,0.000000000000000000e+00,0.000000000000000000e+00,0.000000000000000000e+00,0.000000000000000000e+00,0.000000000000000000e+00,0.000000000000000000e+00,0.000000000000000000e+00,0.000000000000000000e+00
0.000000000000000000e+00,0.000000000000000000e+00,0.000000000000000000e+00,0.000000000000000000e+00,0.000000000000000000e+00,0.000000000000000000e+00,0.000000000000000000e+00,0.000000000000000000e+00,0.000000000000000000e+00,0.000000000000000000e+00,0.000000000000000000e+00,0.000000000000000000e+00,0.000000000000000000e+00,0.000000000000000000e+00,0.000000000000000000e+00,0.000000000000000000e+00,0.000000000000000000e+00,0.000000000000000000e+00,0.000000000000000000e+00,0.000000000000000000e+00,0.000000000000000000e+00,0.000000000000000000e+00,0.000000000000000000e+00,0.000000000000000000e+00,0.000000000000000000e+00,0.000000000000000000e+00,0.000000000000000000e+00,0.000000000000000000e+00,0.000000000000000000e+00,0.000000000000000000e+00,0.000000000000000000e+00,0.000000000000000000e+00,0.000000000000000000e+00,0.000000000000000000e+00,0.000000000000000000e+00,0.000000000000000000e+00,0.000000000000000000e+00,0.000000000000000000e+00,0.000000000000000000e+00,0.000000000000000000e+00,1.081601828442152025e+00,5.056268710197052707e-01,0.000000000000000000e+00,4.510760118616409242e-01,3.503780571009788569e-01,2.246215986832460210e-01,4.139241606350998470e-01,6.045405116444592108e-01,2.833353309130922093e-01,5.455447818896819179e-01,5.071731305641080656e-01,2.839822152302454161e-01,5.425701647583314191e-01,4.223572504952377016e-01,3.526129277699432407e-01,5.590301585206628454e-01,5.577767276719618472e-01,3.712961500622312672e-01,5.641007268519160345e-01,5.473452597177007606e-01,4.490404702918681656e-01,4.038448385417126585e-01,6.329985255513868037e-01,4.163488209902845294e-01,4.502595846908506450e-01,3.410122282956750683e-01,4.658584654338857600e-01,5.718814265326321866e-01,4.349098261218443673e-01,4.619654977561651887e-01,4.368190000732133371e-01,4.015632292844148465e-01,4.142688102276352313e-01,2.525567721235482122e-01,3.777804412174562976e-01,4.125512778469236363e-01,2.984624121676004438e-01,3.856874737080542292e-01,4.611092132376181096e-01,5.461436235822062502e-01,8.698196522436887346e-01,0.000000000000000000e+00,0.000000000000000000e+00,0.000000000000000000e+00,0.000000000000000000e+00,0.000000000000000000e+00,0.000000000000000000e+00,0.000000000000000000e+00,0.000000000000000000e+00,0.000000000000000000e+00,0.000000000000000000e+00,0.000000000000000000e+00,0.000000000000000000e+00,0.000000000000000000e+00,0.000000000000000000e+00,0.000000000000000000e+00,0.000000000000000000e+00,0.000000000000000000e+00,0.000000000000000000e+00,0.000000000000000000e+00,0.000000000000000000e+00,0.000000000000000000e+00,0.000000000000000000e+00,0.000000000000000000e+00,0.000000000000000000e+00,0.000000000000000000e+00,0.000000000000000000e+00,0.000000000000000000e+00,0.000000000000000000e+00,0.000000000000000000e+00,0.000000000000000000e+00,0.000000000000000000e+00,0.000000000000000000e+00,0.000000000000000000e+00,0.000000000000000000e+00,0.000000000000000000e+00,0.000000000000000000e+00,0.000000000000000000e+00,0.000000000000000000e+00,0.000000000000000000e+00,0.000000000000000000e+00,0.000000000000000000e+00,0.000000000000000000e+00,0.000000000000000000e+00,0.000000000000000000e+00,0.000000000000000000e+00,0.000000000000000000e+00,0.000000000000000000e+00
0.000000000000000000e+00,0.000000000000000000e+00,0.000000000000000000e+00,0.000000000000000000e+00,0.000000000000000000e+00,0.000000000000000000e+00,0.000000000000000000e+00,0.000000000000000000e+00,0.000000000000000000e+00,0.000000000000000000e+00,0.000000000000000000e+00,0.000000000000000000e+00,0.000000000000000000e+00,0.000000000000000000e+00,0.000000000000000000e+00,0.000000000000000000e+00,0.000000000000000000e+00,0.000000000000000000e+00,0.000000000000000000e+00,0.000000000000000000e+00,0.000000000000000000e+00,0.000000000000000000e+00,0.000000000000000000e+00,0.000000000000000000e+00,0.000000000000000000e+00,0.000000000000000000e+00,0.000000000000000000e+00,0.000000000000000000e+00,0.000000000000000000e+00,0.000000000000000000e+00,0.000000000000000000e+00,0.000000000000000000e+00,0.000000000000000000e+00,0.000000000000000000e+00,0.000000000000000000e+00,0.000000000000000000e+00,0.000000000000000000e+00,0.000000000000000000e+00,0.000000000000000000e+00,8.376041095679965798e-01,5.182675427951978220e-01,3.148967348629050367e-01,0.000000000000000000e+00,3.757831126007477041e-01,3.467155686992264285e-01,2.693756584100649443e-01,5.467437814103186522e-01,7.973346812233813585e-01,3.774938096232093865e-01,7.221144282777793855e-01,7.231640132026017076e-01,3.908380526970856028e-01,6.968303096406021080e-01,5.546676043293087277e-01,4.572948907016451958e-01,6.891091981764403407e-01,7.689904808089488286e-01,4.543715443683926658e-01,7.810625448718837571e-01,6.778431077430381313e-01,5.372968046256911823e-01,5.092495814568985812e-01,7.701808685501393414e-01,5.479480628671695719e-01,5.805564073318435492e-01,4.632559041744785389e-01,6.469919910057086998e-01,7.835225843832913650e-01,6.030749588889575685e-01,6.572481388155746451e-01,6.642681456387048433e-01,5.958525042914849523e-01,6.329985255513868037e-01,3.690926120796661491e-01,5.419791297204683556e-01,5.396278102856724157e-01,3.639625757742427914e-01,3.850904342750696707e-01,3.789313336507158514e-01,3.600121860227134540e-01,4.950615334163084302e-01,8.884586447917678376e-01,7.922561163748248481e-01,0.000000000000000000e+00,0.000000000000000000e+00,0.000000000000000000e+00,0.000000000000000000e+00,0.000000000000000000e+00,0.000000000000000000e+00,0.000000000000000000e+00,0.000000000000000000e+00,0.000000000000000000e+00,0.000000000000000000e+00,0.000000000000000000e+00,0.000000000000000000e+00,0.000000000000000000e+00,0.000000000000000000e+00,0.000000000000000000e+00,0.000000000000000000e+00,0.000000000000000000e+00,0.000000000000000000e+00,0.000000000000000000e+00,0.000000000000000000e+00,0.000000000000000000e+00,0.000000000000000000e+00,0.000000000000000000e+00,0.000000000000000000e+00,0.000000000000000000e+00,0.000000000000000000e+00,0.000000000000000000e+00,0.000000000000000000e+00,0.000000000000000000e+00,0.000000000000000000e+00,0.000000000000000000e+00,0.000000000000000000e+00,0.000000000000000000e+00,0.000000000000000000e+00,0.000000000000000000e+00,0.000000000000000000e+00,0.000000000000000000e+00,0.000000000000000000e+00,0.000000000000000000e+00,0.000000000000000000e+00,0.000000000000000000e+00,0.000000000000000000e+00,0.000000000000000000e+00,0.000000000000000000e+00,0.000000000000000000e+00
0.000000000000000000e+00,0.000000000000000000e+00,0.000000000000000000e+00,0.000000000000000000e+00,0.000000000000000000e+00,0.000000000000000000e+00,0.000000000000000000e+00,0.000000000000000000e+00,0.000000000000000000e+00,0.000000000000000000e+00,0.000000000000000000e+00,0.000000000000000000e+00,0.000000000000000000e+00,0.000000000000000000e+00,0.000000000000000000e+00,0.000000000000000000e+00,0.000000000000000000e+00,0.000000000000000000e+00,0.000000000000000000e+00,0.000000000000000000e+00,0.000000000000000000e+00,0.000000000000000000e+00,0.000000000000000000e+00,0.000000000000000000e+00,0.000000000000000000e+00,0.000000000000000000e+00,0.000000000000000000e+00,0.000000000000000000e+00,0.000000000000000000e+00,0.000000000000000000e+00,0.000000000000000000e+00,0.000000000000000000e+00,0.000000000000000000e+00,0.000000000000000000e+00,0.000000000000000000e+00,0.000000000000000000e+00,9.029706734725770900e-01,5.509821052972203592e-01,1.013313321962097779e+00,3.693666229275352486e-01,2.580585275328786121e-01,2.134435182682925536e-01,1.141139543769243092e+00,3.230758708333700824e-01,3.279741866073763723e-01,2.598103608790547914e-01,5.046012587052636222e-01,7.572859072806544800e-01,3.345910161959582685e-01,6.900649668285574467e-01,6.546537382676183014e-01,3.548764915002781684e-01,6.188269167703854823e-01,4.636876431345666183e-01,3.920700087339558104e-01,6.180581876812297759e-01,6.769208722222992414e-01,4.035173082590348126e-01,6.297934697258100734e-01,6.016164946594799723e-01,4.821093421350677866e-01,4.594061321176269308e-01,7.761885196308735413e-01,4.729437652883934917e-01,5.198922059387565131e-01,4.074830803303766680e-01,5.853374600981058329e-01,6.862577118391585129e-01,5.408009142210760123e-01,5.923057631945118917e-01,6.052759623885523022e-01,5.825958326503395401e-01,5.509821052972203592e-01,3.594919371989811485e-01,5.565289050149775374e-01,5.888009953649585571e-01,3.836058913518812785e-01,4.391322516181729307e-01,3.824264727773942774e-01,2.849580991313802603e-01,2.914685653681253208e-01,4.585593005376866205e-01,3.341415991157756227e-01,3.999492291667122168e-01,6.030749588889575685e-01,0.000000000000000000e+00,0.000000000000000000e+00,0.000000000000000000e+00,0.000000000000000000e+00,0.000000000000000000e+00,0.000000000000000000e+00,0.000000000000000000e+00,0.000000000000000000e+00,0.000000000000000000e+00,0.000000000000000000e+00,0.000000000000000000e+00,0.000000000000000000e+00,0.000000000000000000e+00,0.000000000000000000e+00,0.000000000000000000e+00,0.000000000000000000e+00,0.000000000000000000e+00,0.000000000000000000e+00,0.000000000000000000e+00,0.000000000000000000e+00,0.000000000000000000e+00,0.000000000000000000e+00,0.000000000000000000e+00,0.000000000000000000e+00,0.000000000000000000e+00,0.000000000000000000e+00,0.000000000000000000e+00,0.000000000000000000e+00,0.000000000000000000e+00,0.000000000000000000e+00,0.000000000000000000e+00,0.000000000000000000e+00,0.000000000000000000e+00,0.000000000000000000e+00,0.000000000000000000e+00,0.000000000000000000e+00,0.000000000000000000e+00,0.000000000000000000e+00,0.000000000000000000e+00,0.000000000000000000e+00,0.000000000000000000e+00,0.000000000000000000e+00,0.000000000000000000e+00
0.000000000000000000e+00,0.000000000000000000e+00,0.000000000000000000e+00,0.000000000000000000e+00,0.000000000000000000e+00,0.000000000000000000e+00,0.000000000000000000e+00,0.000000000000000000e+00,0.000000000000000000e+00,0.000000000000000000e+00,0.000000000000000000e+00,0.000000000000000000e+00,0.000000000000000000e+00,0.000000000000000000e+00,0.000000000000000000e+00,0.000000000000000000e+00,0.000000000000000000e+00,0.000000000000000000e+00,0.000000000000000000e+00,0.000000000000000000e+00,0.000000000000000000e+00,0.000000000000000000e+00,0.000000000000000000e+00,0.000000000000000000e+00,0.000000000000000000e+00,0.000000000000000000e+00,0.000000000000000000e+00,0.000000000000000000e+00,0.000000000000000000e+00,0.000000000000000000e+00,0.000000000000000000e+00,0.000000000000000000e+00,0.000000000000000000e+00,0.000000000000000000e+00,0.000000000000000000e+00,0.000000000000000000e+00,9.871762719908531158e-01,6.495259021976370617e-01,1.151705650655995283e+00,5.515929502033147802e-01,4.844565151737000863e-01,4.318896189959982035e-01,0.000000000000000000e+00,7.047264038008356213e-01,7.338301490905456692e-01,5.396278102856724157e-01,1.076919569444567015e+00,0.000000000000000000e+00,7.305974171562260588e-01,1.366859453525796519e+00,1.309307476535236603e+00,6.891091981764403407e-01,1.437967748795924594e+00,9.334649926517635254e-01,8.264731579458304278e-01,1.173435945951391446e+00,1.330312409313876731e+00,8.932438798624594556e-01,1.333878930518471728e+00,1.222449240991130281e+00,9.440926775775900781e-01,8.948504336032193640e-01,1.472002488412396337e+00,9.717516427409961244e-01,1.030096979468716256e+00,8.475925742476830838e-01,1.138528240465423336e+00,1.385896493268495844e+00,1.091089563779363836e+00,1.184611526389023783e+00,1.225460199712783194e+00,1.184611526389023783e+00,1.207613691949975587e+00,7.786179046688418426e-01,1.149045822363487179e+00,1.417483877730455921e+00,8.728716510234911796e-01,1.005124931481595763e+00,8.980809405837363313e-01,7.138261708513484738e-01,6.678346860179731337e-01,8.320014064939631471e-01,5.461436235822062502e-01,4.816426341562342062e-01,5.994419772089035758e-01,0.000000000000000000e+00,0.000000000000000000e+00,0.000000000000000000e+00,0.000000000000000000e+00,0.000000000000000000e+00,0.000000000000000000e+00,0.000000000000000000e+00,0.000000000000000000e+00,0.000000000000000000e+00,0.000000000000000000e+00,0.000000000000000000e+00,0.000000000000000000e+00,0.000000000000000000e+00,0.000000000000000000e+00,0.000000000000000000e+00,0.000000000000000000e+00,0.000000000000000000e+00,0.000000000000000000e+00,0.000000000000000000e+00,0.000000000000000000e+00,0.000000000000000000e+00,0.000000000000000000e+00,0.000000000000000000e+00,0.000000000000000000e+00,0.000000000000000000e+00,0.000000000000000000e+00,0.000000000000000000e+00,0.000000000000000000e+00,0.000000000000000000e+00,0.000000000000000000e+00,0.000000000000000000e+00,0.000000000000000000e+00,0.000000000000000000e+00,0.000000000000000000e+00,0.000000000000000000e+00,0.000000000000000000e+00,0.000000000000000000e+00,0.000000000000000000e+00,0.000000000000000000e+00,0.000000000000000000e+00,0.000000000000000000e+00,0.000000000000000000e+00,0.000000000000000000e+00
0.000000000000000000e+00,0.000000000000000000e+00,0.000000000000000000e+00,0.000000000000000000e+00,0.000000000000000000e+00,0.000000000000000000e+00,0.000000000000000000e+00,0.000000000000000000e+00,0.000000000000000000e+00,0.000000000000000000e+00,0.000000000000000000e+00,0.000000000000000000e+00,0.000000000000000000e+00,0.000000000000000000e+00,0.000000000000000000e+00,0.000000000000000000e+00,0.000000000000000000e+00,0.000000000000000000e+00,0.000000000000000000e+00,0.000000000000000000e+00,0.000000000000000000e+00,0.000000000000000000e+00,0.000000000000000000e+00,0.000000000000000000e+00,0.000000000000000000e+00,0.000000000000000000e+00,0.000000000000000000e+00,0.000000000000000000e+00,0.000000000000000000e+00,0.000000000000000000e+00,0.000000000000000000e+00,0.000000000000000000e+00,0.000000000000000000e+00,7.595982306616640978e-01,5.491576612399448054e-01,6.834297267628982597e-01,3.177119036292400667e-01,2.500185131072311107e-01,5.461436235822062502e-01,2.770249671956514503e-01,2.564622892182422675e-01,2.416400393799854052e-01,0.000000000000000000e+00,3.853887227601781040e-01,3.652987085781130294e-01,2.834967755460911509e-01,5.231722829478337999e-01,9.334649926517635254e-01,3.513678256238629838e-01,7.169118747599279029e-01,6.329985255513868037e-01,3.623720619689657640e-01,6.678346860179731337e-01,5.030706178800706807e-01,4.105089447882755427e-01,6.461517416667401648e-01,6.362363696718541517e-01,4.256089316367749897e-01,6.948838562617177805e-01,5.980010109175359911e-01,4.572948907016451958e-01,4.873034682501370396e-01,7.027356512477259676e-01,4.955546225930178572e-01,5.209809854276334917e-01,4.430426011428227340e-01,6.060132047300730296e-01,6.787678595953478000e-01,5.402137253891312607e-01,5.686135326667314249e-01,6.321942072215882558e-01,5.534336385799665248e-01,6.067522452236463470e-01,4.163488209902845294e-01,5.839634285016314097e-01,6.633824547778532921e-01,4.490404702918681656e-01,5.248278914381750981e-01,5.204360262378555646e-01,3.999492291667122168e-01,4.088223837990057064e-01,5.731991256721082895e-01,3.275423575269190146e-01,2.544945478687416496e-01,2.414055512292042627e-01,4.061525233333795337e-01,4.539569717914141989e-01,3.766365186096820028e-01,1.193133911470959152e+00,0.000000000000000000e+00,0.000000000000000000e+00,0.000000000000000000e+00,0.000000000000000000e+00,0.000000000000000000e+00,0.000000000000000000e+00,0.000000000000000000e+00,0.000000000000000000e+00,0.000000000000000000e+00,0.000000000000000000e+00,0.000000000000000000e+00,0.000000000000000000e+00,0.000000000000000000e+00,0.000000000000000000e+00,0.000000000000000000e+00,0.000000000000000000e+00,0.000000000000000000e+00,0.000000000000000000e+00,0.000000000000000000e+00,0.000000000000000000e+00,0.000000000000000000e+00,0.000000000000000000e+00,0.000000000000000000e+00,0.000000000000000000e+00,0.000000000000000000e+00,0.000000000000000000e+00,0.000000000000000000e+00,0.000000000000000000e+00,0.000000000000000000e+00,0.000000000000000000e+00,0.000000000000000000e+00,0.000000000000000000e+00,0.000000000000000000e+00,0.000000000000000000e+00,0.000000000000000000e+00,0.000000000000000000e+00,0.000000000000000000e+00,0.000000000000000000e+00,0.000000000000000000e+00
0.000000000000000000e+00,0.000000000000000000e+00,0.000000000000000000e+00,0.000000000000000000e+00,0.000000000000000000e+00,0.000000000000000000e+00,0.000000000000000000e+00,0.000000000000000000e+00,0.000000000000000000e+00,0.000000000000000000e+00,0.000000000000000000e+00,0.000000000000000000e+00,0.000000000000000000e+00,0.000000000000000000e+00,0.000000000000000000e+00,0.000000000000000000e+00,0.000000000000000000e+00,0.000000000000000000e+00,0.000000000000000000e+00,0.000000000000000000e+00,0.000000000000000000e+00,0.000000000000000000e+00,0.000000000000000000e+00,0.000000000000000000e+00,0.000000000000000000e+00,0.000000000000000000e+00,0.000000000000000000e+00,0.000000000000000000e+00,0.000000000000000000e+00,0.000000000000000000e+00,0.000000000000000000e+00,0.000000000000000000e+00,0.000000000000000000e+00,6.633824547778532921e-01,6.150022757520271499e-01,8.790403552710069901e-01,4.478279397690278496e-01,4.645535397604014793e-01,1.015381308333448862e+00,5.390431647707366603e-01,5.097713535690471254e-01,4.632559041744785389e-01,0.000000000000000000e+00,6.872055816068922685e-01,6.834297267628982597e-01,5.066566609810488897e-01,1.021636223990533887e+00,1.516880613059115701e+00,6.282030821759975181e-01,1.285624912360180838e+00,1.151705650655995283e+00,6.250462827680778322e-01,1.146398251344216579e+00,8.504903266382733973e-01,7.835225843832913650e-01,1.023738356138662375e+00,1.193133911470959152e+00,7.210678856281014237e-01,1.115553455343923694e+00,1.083958259440936711e+00,8.103205880836970021e-01,8.519466456907363039e-01,1.316235029321137562e+00,8.090029936315283887e-01,9.213645205247963377e-01,7.527032391579273618e-01,1.081601828442152025e+00,1.216471494091418082e+00,9.440926775775900781e-01,1.081601828442152025e+00,1.108099868782605801e+00,1.023738356138662375e+00,1.038699041927745315e+00,7.210678856281014237e-01,1.076919569444567015e+00,1.231526834364826684e+00,8.622822202485094234e-01,1.009202517410527244e+00,9.196614437770608275e-01,7.872418371572625917e-01,8.090029936315283887e-01,1.170674920196211666e+00,7.481757008772781381e-01,6.008899046900845198e-01,4.729437652883934917e-01,6.529354869860760635e-01,6.112246204955651407e-01,3.493938490754143200e-01,8.578221397989481689e-01,0.000000000000000000e+00,0.000000000000000000e+00,0.000000000000000000e+00,0.000000000000000000e+00,0.000000000000000000e+00,0.000000000000000000e+00,0.000000000000000000e+00,0.000000000000000000e+00,0.000000000000000000e+00,0.000000000000000000e+00,0.000000000000000000e+00,0.000000000000000000e+00,0.000000000000000000e+00,0.000000000000000000e+00,0.000000000000000000e+00,0.000000000000000000e+00,0.000000000000000000e+00,0.000000000000000000e+00,0.000000000000000000e+00,0.000000000000000000e+00,0.000000000000000000e+00,0.000000000000000000e+00,0.000000000000000000e+00,0.000000000000000000e+00,0.000000000000000000e+00,0.000000000000000000e+00,0.000000000000000000e+00,0.000000000000000000e+00,0.000000000000000000e+00,0.000000000000000000e+00,0.000000000000000000e+00,0.000000000000000000e+00,0.000000000000000000e+00,0.000000000000000000e+00,0.000000000000000000e+00,0.000000000000000000e+00,0.000000000000000000e+00,0.000000000000000000e+00,0.000000000000000000e+00
0.000000000000000000e+00,0.000000000000000000e+00,0.000000000000000000e+00,0.000000000000000000e+00,0.000000000000000000e+00,0.000000000000000000e+00,0.000000000000000000e+00,0.000000000000000000e+00,0.000000000000000000e+00,0.000000000000000000e+00,0.000000000000000000e+00,0.000000000000000000e+00,0.000000000000000000e+00,0.000000000000000000e+00,0.000000000000000000e+00,0.000000000000000000e+00,0.000000000000000000e+00,0.000000000000000000e+00,0.000000000000000000e+00,0.000000000000000000e+00,0.000000000000000000e+00,0.000000000000000000e+00,0.000000000000000000e+00,0.000000000000000000e+00,0.000000000000000000e+00,0.000000000000000000e+00,0.000000000000000000e+00,0.000000000000000000e+00,0.000000000000000000e+00,0.000000000000000000e+00,0.000000000000000000e+00,0.000000000000000000e+00,1.213504490447292694e+00,6.157634171824133418e-01,5.758528253279976417e-01,9.568016174680575858e-01,5.725395179325546424e-01,6.444777734240803024e-01,0.000000000000000000e+00,7.960589457334238395e-01,6.572481388155746451e-01,6.537934836838238395e-01,3.712961500622312894e+00,8.637792379919964070e-01,8.278483212701996941e-01,6.872055816068922685e-01,1.253241413308286978e+00,2.172649961062838031e+00,8.183171728345228768e-01,1.631268331420950624e+00,1.485184600248925069e+00,8.264731579458304278e-01,1.610151589266634264e+00,1.128201453703832069e+00,1.045245464460903273e+00,1.589574572151405629e+00,1.642035779153102171e+00,1.072277674748685294e+00,1.584512232749649696e+00,1.647472983719834305e+00,1.118060317041325691e+00,1.143762853065264373e+00,1.709748594788281562e+00,1.204689687853244484e+00,1.374411163213784537e+00,1.019542707138094251e+00,1.507687397222393866e+00,1.870439252193195401e+00,1.316235029321137562e+00,1.421533831666828451e+00,1.526186629090153346e+00,1.352002285552690308e+00,1.594669362446762717e+00,1.007159597334797541e+00,1.401512228403915428e+00,1.604957551881903033e+00,1.225460199712783194e+00,1.219453041871053856e+00,1.326764909555706584e+00,1.051874928294693312e+00,1.043054174179014693e+00,1.579482035185364897e+00,9.736533093608414902e-01,8.916430843788349936e-01,6.881560734210095953e-01,9.755624334968431288e-01,9.145897814032903916e-01,3.923792122108754055e-01,7.047264038008356213e-01,9.317169308677715200e-01,1.032234110131514448e+00,0.000000000000000000e+00,0.000000000000000000e+00,0.000000000000000000e+00,0.000000000000000000e+00,0.000000000000000000e+00,0.000000000000000000e+00,0.000000000000000000e+00,0.000000000000000000e+00,0.000000000000000000e+00,0.000000000000000000e+00,0.000000000000000000e+00,0.000000000000000000e+00,0.000000000000000000e+00,0.000000000000000000e+00,0.000000000000000000e+00,0.000000000000000000e+00,0.000000000000000000e+00,0.000000000000000000e+00,0.000000000000000000e+00,0.000000000000000000e+00,0.000000000000000000e+00,0.000000000000000000e+00,0.000000000000000000e+00,0.000000000000000000e+00,0.000000000000000000e+00,0.000000000000000000e+00,0.000000000000000000e+00,0.000000000000000000e+00,0.000000000000000000e+00,0.000000000000000000e+00,0.000000000000000000e+00,0.000000000000000000e+00,0.000000000000000000e+00,0.000000000000000000e+00,0.000000000000000000e+00,0.000000000000000000e+00,0.000000000000000000e+00
0.000000000000000000e+00,0.000000000000000000e+00,0.000000000000000000e+00,0.000000000000000000e+00,0.000000000000000000e+00,0.000000000000000000e+00,0.000000000000000000e+00,0.000000000000000000e+00,0.000000000000000000e+00,0.000000000000000000e+00,0.000000000000000000e+00,0.000000000000000000e+00,0.000000000000000000e+00,0.000000000000000000e+00,0.000000000000000000e+00,0.000000000000000000e+00,0.000000000000000000e+00,0.000000000000000000e+00,0.000000000000000000e+00,0.000000000000000000e+00,0.000000000000000000e+00,0.000000000000000000e+00,0.000000000000000000e+00,0.000000000000000000e+00,0.000000000000000000e+00,0.000000000000000000e+00,0.000000000000000000e+00,0.000000000000000000e+00,0.000000000000000000e+00,0.000000000000000000e+00,0.000000000000000000e+00,8.490389779580033158e-01,5.092495814568985812e-01,3.279741866073763723e-01,3.740878504386390691e-01,7.360012442061981686e-01,4.018875937668739406e-01,4.406880789046855318e-01,1.009202517410527244e+00,5.113431049161253350e-01,4.402980894543274126e-01,4.122094789423280670e-01,2.324938509735467118e+00,6.453136719628922435e-01,5.647410227961293661e-01,4.202169265907009787e-01,7.810625448718837571e-01,1.288955546848160605e+00,5.609209031379819299e-01,1.105637424629755339e+00,9.440926775775900781e-01,5.534336385799665248e-01,1.030096979468716256e+00,7.595982306616640978e-01,6.529354869860760635e-01,9.774790591029272058e-01,1.040872052475711129e+00,6.555162596619102944e-01,9.679705079443383653e-01,9.458875305767869834e-01,6.929482466342479219e-01,6.987876981508286400e-01,1.130765547916795288e+00,7.437023035626156853e-01,6.815573165525889987e-01,6.453136719628922435e-01,9.265118083489570777e-01,1.115553455343923694e+00,9.213645205247963377e-01,9.145897814032903916e-01,9.813349922749308174e-01,8.821575196514005457e-01,9.604958322073163801e-01,6.060132047300730296e-01,9.755624334968431288e-01,1.086324980531419016e+00,7.493024715111293865e-01,8.637792379919964070e-01,8.667889217480660990e-01,6.900649668285574467e-01,7.316718251226324021e-01,1.095896125734339144e+00,6.226994256362827773e-01,6.195975605023537058e-01,5.025624657407978813e-01,7.630933145450766730e-01,6.741691613596070276e-01,2.930134517570023300e-01,4.430426011428227340e-01,4.742963213378360021e-01,3.564017486270701363e-01,8.578221397989481689e-01,0.000000000000000000e+00,0.000000000000000000e+00,0.000000000000000000e+00,0.000000000000000000e+00,0.000000000000000000e+00,0.000000000000000000e+00,0.000000000000000000e+00,0.000000000000000000e+00,0.000000000000000000e+00,0.000000000000000000e+00,0.000000000000000000e+00,0.000000000000000000e+00,0.000000000000000000e+00,0.000000000000000000e+00,0.000000000000000000e+00,0.000000000000000000e+00,0.000000000000000000e+00,0.000000000000000000e+00,0.000000000000000000e+00,0.000000000000000000e+00,0.000000000000000000e+00,0.000000000000000000e+00,0.000000000000000000e+00,0.000000000000000000e+00,0.000000000000000000e+00,0.000000000000000000e+00,0.000000000000000000e+00,0.000000000000000000e+00,0.000000000000000000e+00,0.000000000000000000e+00,0.000000000000000000e+00,0.000000000000000000e+00,0.000000000000000000e+00,0.000000000000000000e+00,0.000000000000000000e+00,0.000000000000000000e+00
0.000000000000000000e+00,0.000000000000000000e+00,0.000000000000000000e+00,0.000000000000000000e+00,0.000000000000000000e+00,0.000000000000000000e+00,0.000000000000000000e+00,0.000000000000000000e+00,0.000000000000000000e+00,0.000000000000000000e+00,0.000000000000000000e+00,0.000000000000000000e+00,0.000000000000000000e+00,0.000000000000000000e+00,0.000000000000000000e+00,0.000000000000000000e+00,0.000000000000000000e+00,0.000000000000000000e+00,0.000000000000000000e+00,0.000000000000000000e+00,0.000000000000000000e+00,0.000000000000000000e+00,0.000000000000000000e+00,0.000000000000000000e+00,0.000000000000000000e+00,0.000000000000000000e+00,0.000000000000000000e+00,0.000000000000000000e+00,0.000000000000000000e+00,0.000000000000000000e+00,1.181797722288337349e+00,4.702616645400660711e-01,3.571693044389016025e-01,2.982834778677397880e-01,4.149598340979065436e-01,7.305974171562260588e-01,4.281728408635025462e-01,4.498524783755786238e-01,1.123107993416230244e+00,5.040900112293718038e-01,4.779412498399519538e-01,3.961280581874124240e-01,2.271857721841963329e+00,5.725395179325546424e-01,5.571521176745687365e-01,4.406880789046855318e-01,8.534079606919210415e-01,1.472002488412396337e+00,5.653827739583976442e-01,1.128201453703832069e+00,9.990699620148392190e-01,5.503726118179091964e-01,9.852214674918613468e-01,7.242166536876126770e-01,6.616181397385505480e-01,9.369808683303012531e-01,1.120578470908535795e+00,6.134856240239087155e-01,1.047445981228189327e+00,9.494977883270799834e-01,7.619247183512862787e-01,7.252723630953206158e-01,1.151705650655995283e+00,7.810625448718837571e-01,8.578221397989481689e-01,6.305916870511912853e-01,8.868749395425846727e-01,1.210551924777104604e+00,8.790403552710069901e-01,9.679705079443383653e-01,9.813349922749308174e-01,9.179646514453688733e-01,9.660909535599805364e-01,6.624991226143674972e-01,9.282403751555782234e-01,1.135928860920981665e+00,7.515662252014954081e-01,9.282403751555782234e-01,8.563456817270050925e-01,6.815573165525889987e-01,7.221144282777793855e-01,1.049655782876350196e+00,6.461517416667401648e-01,6.038068459749877936e-01,5.231722829478337999e-01,8.292280684723166706e-01,8.347933575224664171e-01,3.450324834142787234e-01,5.712248462495865819e-01,4.897016152395570199e-01,2.828520983987435899e-01,4.602560972094264513e-01,5.628244808635632923e-01,1.069971701254602170e+00,0.000000000000000000e+00,0.000000000000000000e+00,0.000000000000000000e+00,0.000000000000000000e+00,0.000000000000000000e+00,0.000000000000000000e+00,0.000000000000000000e+00,0.000000000000000000e+00,0.000000000000000000e+00,0.000000000000000000e+00,0.000000000000000000e+00,0.000000000000000000e+00,0.000000000000000000e+00,0.000000000000000000e+00,0.000000000000000000e+00,0.000000000000000000e+00,0.000000000000000000e+00,0.000000000000000000e+00,0.000000000000000000e+00,0.000000000000000000e+00,0.000000000000000000e+00,0.000000000000000000e+00,0.000000000000000000e+00,0.000000000000000000e+00,0.000000000000000000e+00,0.000000000000000000e+00,0.000000000000000000e+00,0.000000000000000000e+00,0.000000000000000000e+00,0.000000000000000000e+00,0.000000000000000000e+00,0.000000000000000000e+00,0.000000000000000000e+00,0.000000000000000000e+00
0.000000000000000000e+00,0.000000000000000000e+00,0.000000000000000000e+00,0.000000000000000000e+00,0.000000000000000000e+00,0.000000000000000000e+00,0.000000000000000000e+00,0.000000000000000000e+00,0.000000000000000000e+00,0.000000000000000000e+00,0.000000000000000000e+00,0.000000000000000000e+00,0.000000000000000000e+00,0.000000000000000000e+00,0.000000000000000000e+00,0.000000000000000000e+00,0.000000000000000000e+00,0.000000000000000000e+00,0.000000000000000000e+00,0.000000000000000000e+00,0.000000000000000000e+00,0.000000000000000000e+00,0.000000000000000000e+00,0.000000000000000000e+00,0.000000000000000000e+00,0.000000000000000000e+00,0.000000000000000000e+00,0.000000000000000000e+00,8.278483212701996941e-01,9.476892211112188935e-01,3.893089523344209213e-01,2.388559006641334248e-01,2.371481606689180011e-01,2.282279087538486295e-01,3.352674131289689607e-01,5.367171964222113845e-01,3.183217153444593550e-01,3.234959955028543499e-01,7.493024715111293865e-01,3.566572337515340196e-01,3.137054483501828250e-01,2.921531656391015419e-01,1.625937389161405289e+00,4.333944608740330495e-01,4.078170828552376559e-01,2.931861173149027389e-01,5.881050131009337711e-01,9.871762719908531158e-01,3.945573680280650142e-01,8.278483212701996941e-01,7.349140931807828236e-01,3.757831126007477041e-01,6.919844799490820764e-01,5.908988611441686745e-01,4.527177807856141434e-01,6.987876981508286400e-01,7.922561163748248481e-01,4.779412498399519538e-01,7.897410175926824483e-01,7.242166536876126770e-01,4.995349810074196095e-01,5.615539967081151218e-01,8.622822202485094234e-01,5.792047044044120740e-01,6.089802216442961047e-01,4.849286950130505813e-01,6.624991226143674972e-01,8.548742973941407808e-01,6.329985255513868037e-01,7.459322954773462966e-01,6.862577118391585129e-01,6.891091981764403407e-01,6.581175146605687809e-01,4.689319897110179047e-01,7.210678856281014237e-01,7.538436986111969329e-01,5.731991256721082895e-01,6.796951380920627228e-01,6.157634171824133418e-01,5.139843399621797371e-01,5.226227322304516365e-01,7.749795032451556320e-01,4.854017961789170443e-01,4.379725713762235850e-01,3.862863673007685961e-01,6.419830207527612576e-01,6.778431077430381313e-01,2.885944553847969440e-01,5.061412422008035872e-01,4.892200993936971498e-01,2.565945544524961264e-01,2.834967755460911509e-01,2.531994102205546993e-01,3.123269561101004177e-01,4.474252168016096820e-01,6.067522452236463470e-01,0.000000000000000000e+00,0.000000000000000000e+00,0.000000000000000000e+00,0.000000000000000000e+00,0.000000000000000000e+00,0.000000000000000000e+00,0.000000000000000000e+00,0.000000000000000000e+00,0.000000000000000000e+00,0.000000000000000000e+00,0.000000000000000000e+00,0.000000000000000000e+00,0.000000000000000000e+00,0.000000000000000000e+00,0.000000000000000000e+00,0.000000000000000000e+00,0.000000000000000000e+00,0.000000000000000000e+00,0.000000000000000000e+00,0.000000000000000000e+00,0.000000000000000000e+00,0.000000000000000000e+00,0.000000000000000000e+00,0.000000000000000000e+00,0.000000000000000000e+00,0.000000000000000000e+00,0.000000000000000000e+00,0.000000000000000000e+00,0.000000000000000000e+00,0.000000000000000000e+00,0.000000000000000000e+00,0.000000000000000000e+00
0.000000000000000000e+00,0.000000000000000000e+00,0.000000000000000000e+00,0.000000000000000000e+00,0.000000000000000000e+00,0.000000000000000000e+00,0.000000000000000000e+00,0.000000000000000000e+00,0.000000000000000000e+00,0.000000000000000000e+00,0.000000000000000000e+00,0.000000000000000000e+00,0.000000000000000000e+00,0.000000000000000000e+00,0.000000000000000000e+00,0.000000000000000000e+00,0.000000000000000000e+00,0.000000000000000000e+00,0.000000000000000000e+00,0.000000000000000000e+00,0.000000000000000000e+00,0.000000000000000000e+00,0.000000000000000000e+00,0.000000000000000000e+00,0.000000000000000000e+00,0.000000000000000000e+00,0.000000000000000000e+00,0.000000000000000000e+00,0.000000000000000000e+00,0.000000000000000000e+00,8.728716510234911796e-01,7.437023035626156853e-01,8.306124225098330260e-01,7.678037671039967815e-01,1.009202517410527244e+00,1.920991664414632760e+00,1.032234110131514448e+00,1.034380126992494597e+00,2.403559618760338079e+00,1.279015015638534702e+00,1.091089563779363836e+00,9.970678178023847371e-01,4.975368410833899802e+00,1.503132450402990816e+00,1.472002488412396337e+00,1.098315322479889611e+00,1.870439252193195401e+00,3.090290938406148769e+00,1.485184600248925069e+00,2.689388330180486175e+00,2.810942604990903870e+00,1.454786085039152077e+00,2.564622892182422120e+00,2.099311565752700393e+00,1.758080710542013980e+00,2.674929253136505203e+00,2.875935497591849188e+00,1.669586715044932834e+00,3.052373258180306692e+00,2.689388330180486175e+00,1.958806460958228080e+00,2.117178047163361665e+00,3.455116951967985628e+00,2.324938509735467118e+00,2.135351249284935360e+00,1.849579334882490489e+00,2.810942604990903870e+00,3.109605256771187598e+00,2.660624818627753463e+00,2.427008980894585388e+00,2.926687300490529609e+00,2.191792251468678288e+00,2.718780552368250891e+00,1.559676617816269539e+00,2.795150792603314560e+00,2.646472558954202192e+00,2.030762616666897724e+00,2.271857721841963329e+00,2.261531095833590577e+00,1.758080710542013980e+00,2.014319194669595081e+00,2.704004571105380617e+00,1.849579334882490489e+00,1.366859453525796519e+00,1.393660619281204216e+00,2.271857721841963329e+00,2.039085414276188502e+00,9.299754038941867584e-01,1.898995576654159967e+00,1.783286168757669987e+00,9.717516427409961244e-01,1.098315322479889611e+00,8.116424813758399415e-01,7.786179046688418426e-01,7.835225843832913650e-01,8.390165954188700814e-01,0.000000000000000000e+00,0.000000000000000000e+00,0.000000000000000000e+00,0.000000000000000000e+00,0.000000000000000000e+00,0.000000000000000000e+00,0.000000000000000000e+00,0.000000000000000000e+00,0.000000000000000000e+00,0.000000000000000000e+00,0.000000000000000000e+00,0.000000000000000000e+00,0.000000000000000000e+00,0.000000000000000000e+00,0.000000000000000000e+00,0.000000000000000000e+00,0.000000000000000000e+00,0.000000000000000000e+00,0.000000000000000000e+00,0.000000000000000000e+00,0.000000000000000000e+00,0.000000000000000000e+00,0.000000000000000000e+00,0.000000000000000000e+00,0.000000000000000000e+00,0.000000000000000000e+00,0.000000000000000000e+00,0.000000000000000000e+00,0.000000000000000000e+00,0.000000000000000000e+00,0.000000000000000000e+00,0.000000000000000000e+00
0.000000000000000000e+00,0.000000000000000000e+00,0.000000000000000000e+00,0.000000000000000000e+00,0.000000000000000000e+00,0.000000000000000000e+00,0.000000000000000000e+00,0.000000000000000000e+00,0.000000000000000000e+00,0.000000000000000000e+00,0.000000000000000000e+00,0.000000000000000000e+00,0.000000000000000000e+00,0.000000000000000000e+00,0.000000000000000000e+00,0.000000000000000000e+00,0.000000000000000000e+00,0.000000000000000000e+00,0.000000000000000000e+00,0.000000000000000000e+00,0.000000000000000000e+00,0.000000000000000000e+00,0.000000000000000000e+00,0.000000000000000000e+00,0.000000000000000000e+00,0.000000000000000000e+00,1.074593609251382365e+00,1.123107993416230244e+00,4.995349810074196095e-01,6.165264449608302000e-01,3.803798479230809937e-01,3.084543342116490838e-01,3.486593140037771432e-01,3.548764915002781684e-01,5.025624657407978813e-01,7.960589457334238395e-01,5.046012587052636222e-01,4.807119237520676158e-01,1.072277674748685294e+00,5.437561104736502449e-01,5.005400815728269226e-01,3.999492291667122168e-01,2.704004571105380617e+00,6.001650676518576200e-01,5.751870995183698820e-01,4.564558175076972590e-01,8.916430843788349936e-01,1.459052319892639060e+00,5.980010109175359911e-01,1.165191665300679080e+00,1.133341323652368837e+00,5.972831225490875529e-01,1.151705650655995283e+00,8.090029936315283887e-01,6.910233903935971700e-01,1.093487562820637304e+00,1.105637424629755339e+00,7.128034972541402725e-01,1.237653833540770965e+00,9.930875071524748465e-01,7.822906306342608529e-01,8.278483212701996941e-01,1.222449240991130281e+00,7.847584244217508109e-01,8.900480162493559222e-01,7.252723630953206158e-01,1.015381308333448862e+00,1.204689687853244484e+00,9.774790591029272058e-01,1.083958259440936711e+00,1.110573305989709825e+00,1.036535085590395644e+00,1.105637424629755339e+00,6.843697951628472387e-01,1.007159597334797541e+00,1.159759536324918461e+00,8.037751875337478813e-01,9.549651460333780095e-01,7.859981691680726357e-01,7.338301490905456692e-01,7.470523139390239376e-01,1.231526834364826684e+00,7.701808685501393414e-01,6.503749556645620489e-01,5.908988611441686745e-01,9.891388490723458382e-01,9.405233290801321422e-01,4.474252168016096820e-01,7.986145121723755569e-01,8.376041095679965798e-01,4.594061321176269308e-01,6.195975605023537058e-01,4.535431550441112458e-01,3.914530614346105053e-01,3.368563582148882962e-01,2.372612499205483672e-01,7.504326411514178341e-01,0.000000000000000000e+00,0.000000000000000000e+00,0.000000000000000000e+00,0.000000000000000000e+00,0.000000000000000000e+00,0.000000000000000000e+00,0.000000000000000000e+00,0.000000000000000000e+00,0.000000000000000000e+00,0.000000000000000000e+00,0.000000000000000000e+00,0.000000000000000000e+00,0.000000000000000000e+00,0.000000000000000000e+00,0.000000000000000000e+00,0.000000000000000000e+00,0.000000000000000000e+00,0.000000000000000000e+00,0.000000000000000000e+00,0.000000000000000000e+00,0.000000000000000000e+00,0.000000000000000000e+00,0.000000000000000000e+00,0.000000000000000000e+00,0.000000000000000000e+00,0.000000000000000000e+00,0.000000000000000000e+00,0.000000000000000000e+00,0.000000000000000000e+00,0.000000000000000000e+00,0.000000000000000000e+00
0.000000000000000000e+00,0.000000000000000000e+00,0.000000000000000000e+00,0.000000000000000000e+00,0.000000000000000000e+00,0.000000000000000000e+00,0.000000000000000000e+00,0.000000000000000000e+00,0.000000000000000000e+00,0.000000000000000000e+00,0.000000000000000000e+00,0.000000000000000000e+00,0.000000000000000000e+00,0.000000000000000000e+00,0.000000000000000000e+00,0.000000000000000000e+00,0.000000000000000000e+00,0.000000000000000000e+00,0.000000000000000000e+00,0.000000000000000000e+00,0.000000000000000000e+00,0.000000000000000000e+00,0.000000000000000000e+00,0.000000000000000000e+00,0.000000000000000000e+00,0.000000000000000000e+00,6.705348262579379215e-01,8.196653065624217582e-01,4.307678277778267950e-01,7.221144282777793855e-01,4.259733228453681519e-01,3.701911019965699046e-01,4.372028480521880089e-01,3.951841470082525509e-01,5.118691780693311877e-01,9.282403751555782234e-01,5.344112149123415589e-01,5.867179729756957229e-01,1.348338322719214055e+00,5.765200939552607151e-01,5.467437814103186522e-01,4.901840798851132552e-01,2.810942604990903870e+00,7.481757008772781381e-01,6.929482466342479219e-01,5.298581907171352468e-01,1.113057810029955075e+00,1.764315039302801091e+00,7.437023035626156853e-01,1.498604943022258773e+00,1.429703566331580467e+00,7.414856051913412127e-01,1.421533831666828451e+00,9.813349922749308174e-01,9.145897814032903916e-01,1.269226635416811133e+00,1.382046780787194340e+00,8.698196522436887346e-01,1.417483877730455921e+00,1.222449240991130281e+00,1.015381308333448862e+00,1.005124931481595763e+00,1.559676617816269539e+00,1.054103476871588896e+00,1.225460199712783194e+00,8.237364918599171526e-01,1.198883954417807152e+00,1.503132450402990816e+00,1.250092565536155664e+00,1.256406164351995036e+00,1.352002285552690308e+00,1.285624912360180838e+00,1.240740252078279315e+00,8.884586447917678376e-01,1.348338322719214055e+00,1.397575396301657280e+00,9.774790591029272058e-01,1.056341488499766390e+00,1.103185900406629560e+00,8.196653065624217582e-01,8.622822202485094234e-01,1.409452807601671243e+00,8.169734664751887587e-01,7.459322954773462966e-01,6.678346860179731337e-01,1.265997051102773607e+00,1.088702059263435329e+00,5.673168085329417520e-01,9.440926775775900781e-01,1.088702059263435329e+00,5.522051510359489157e-01,7.425923001244625343e-01,6.282030821759975181e-01,5.647410227961293661e-01,4.797848033591031736e-01,2.189862856881117925e-01,4.274371486970703904e-01,6.157634171824133418e-01,0.000000000000000000e+00,0.000000000000000000e+00,0.000000000000000000e+00,0.000000000000000000e+00,0.000000000000000000e+00,0.000000000000000000e+00,0.000000000000000000e+00,0.000000000000000000e+00,0.000000000000000000e+00,0.000000000000000000e+00,0.000000000000000000e+00,0.000000000000000000e+00,0.000000000000000000e+00,0.000000000000000000e+00,0.000000000000000000e+00,0.000000000000000000e+00,0.000000000000000000e+00,0.000000000000000000e+00,0.000000000000000000e+00,0.000000000000000000e+00,0.000000000000000000e+00,0.000000000000000000e+00,0.000000000000000000e+00,0.000000000000000000e+00,0.000000000000000000e+00,0.000000000000000000e+00,0.000000000000000000e+00,0.000000000000000000e+00,0.000000000000000000e+00,0.000000000000000000e+00
0.000000000000000000e+00,0.000000000000000000e+00,0.000000000000000000e+00,0.000000000000000000e+00,0.000000000000000000e+00,0.000000000000000000e+00,0.000000000000000000e+00,0.000000000000000000e+00,0.000000000000000000e+00,0.000000000000000000e+00,0.000000000000000000e+00,0.000000000000000000e+00,0.000000000000000000e+00,0.000000000000000000e+00,0.000000000000000000e+00,0.000000000000000000e+00,0.000000000000000000e+00,0.000000000000000000e+00,0.000000000000000000e+00,0.000000000000000000e+00,0.000000000000000000e+00,0.000000000000000000e+00,0.000000000000000000e+00,0.000000000000000000e+00,0.000000000000000000e+00,8.447145009904754032e-01,3.917612921916456825e-01,6.052759623885523022e-01,3.738067926997670765e-01,6.624991226143674972e-01,4.177471377694290111e-01,3.455116951967985850e-01,3.905312724359418786e-01,3.607953887479259936e-01,5.118691780693311877e-01,7.935196827486282745e-01,5.204360262378555646e-01,5.242748588866068538e-01,1.299051804395274123e+00,5.634618811816420880e-01,5.497644652855137037e-01,4.552029653095974182e-01,2.997209886044517546e+00,6.891091981764403407e-01,6.165264449608302000e-01,5.264940117284550025e-01,1.083958259440936711e+00,1.680867706362803915e+00,7.252723630953206158e-01,1.584512232749649696e+00,1.374411163213784537e+00,7.381852241593322983e-01,1.378218396352880681e+00,1.043054174179014693e+00,8.667889217480660990e-01,1.282311446091211060e+00,1.498604943022258773e+00,8.376041095679965798e-01,1.530882587948892315e+00,1.256406164351995036e+00,9.440926775775900781e-01,1.013313321962097779e+00,1.472002488412396337e+00,9.871762719908531158e-01,1.027968679924359474e+00,8.652814627537216419e-01,1.207613691949975587e+00,1.454786085039152077e+00,1.138528240465423336e+00,1.213504490447292694e+00,1.222449240991130281e+00,1.056341488499766390e+00,1.207613691949975587e+00,7.630933145450766730e-01,1.162469254867733559e+00,1.393660619281204216e+00,1.009202517410527244e+00,1.091089563779363836e+00,9.813349922749308174e-01,8.090029936315283887e-01,8.563456817270050925e-01,1.265997051102773607e+00,7.998984583334244336e-01,7.148517831657902333e-01,6.172913661084242776e-01,9.990699620148392190e-01,9.531357108877203110e-01,4.868266546804207451e-01,8.805961789086548253e-01,9.813349922749308174e-01,5.473452597177007606e-01,7.737742474080714361e-01,6.503749556645620489e-01,6.142430136831974474e-01,5.367171964222113845e-01,2.510276695678052006e-01,3.874897516225778160e-01,3.258263530343090686e-01,5.491576612399448054e-01,1.054103476871588896e+00,0.000000000000000000e+00,0.000000000000000000e+00,0.000000000000000000e+00,0.000000000000000000e+00,0.000000000000000000e+00,0.000000000000000000e+00,0.000000000000000000e+00,0.000000000000000000e+00,0.000000000000000000e+00,0.000000000000000000e+00,0.000000000000000000e+00,0.000000000000000000e+00,0.000000000000000000e+00,0.000000000000000000e+00,0.000000000000000000e+00,0.000000000000000000e+00,0.000000000000000000e+00,0.000000000000000000e+00,0.000000000000000000e+00,0.000000000000000000e+00,0.000000000000000000e+00,0.000000000000000000e+00,0.000000000000000000e+00,0.000000000000000000e+00,0.000000000000000000e+00,0.000000000000000000e+00,0.000000000000000000e+00,0.000000000000000000e+00
0.000000000000000000e+00,0.000000000000000000e+00,0.000000000000000000e+00,0.000000000000000000e+00,0.000000000000000000e+00,0.000000000000000000e+00,0.000000000000000000e+00,0.000000000000000000e+00,0.000000000000000000e+00,0.000000000000000000e+00,0.000000000000000000e+00,0.000000000000000000e+00,0.000000000000000000e+00,0.000000000000000000e+00,0.000000000000000000e+00,0.000000000000000000e+00,0.000000000000000000e+00,0.000000000000000000e+00,0.000000000000000000e+00,0.000000000000000000e+00,0.000000000000000000e+00,0.000000000000000000e+00,0.000000000000000000e+00,0.000000000000000000e+00,1.115553455343923694e+00,6.074930904559096012e-01,3.558918748808225785e-01,6.203701260391396577e-01,4.084867332375943794e-01,7.538436986111969329e-01,4.715989015008435481e-01,4.009160685603465057e-01,4.724946259101518442e-01,4.177471377694290111e-01,5.473452597177007606e-01,9.604958322073163801e-01,5.853374600981058329e-01,6.030749588889575685e-01,1.285624912360180838e+00,6.572481388155746451e-01,6.453136719628922435e-01,5.145158646157083071e-01,3.431288559195792676e+00,7.897410175926824483e-01,7.584403065295578505e-01,6.165264449608302000e-01,1.115553455343923694e+00,2.006196939852379124e+00,7.847584244217508109e-01,1.521519391692323975e+00,1.476370448318664597e+00,8.376041095679965798e-01,1.669586715044932834e+00,1.162469254867733559e+00,9.299754038941867584e-01,1.450544726190641232e+00,1.709748594788281562e+00,9.970678178023847371e-01,1.599796916666848867e+00,1.584512232749649696e+00,1.076919569444567015e+00,1.181797722288337349e+00,1.884609246527992443e+00,1.288955546848160605e+00,1.240740252078279315e+00,9.568016174680575858e-01,1.569516848843501622e+00,1.709748594788281562e+00,1.459052319892639060e+00,1.604957551881903033e+00,1.413456934895994221e+00,1.319726368921458670e+00,1.397575396301657280e+00,9.282403751555782234e-01,1.393660619281204216e+00,1.569516848843501622e+00,1.027968679924359474e+00,1.370624906565812484e+00,1.187438761535536846e+00,1.047445981228189327e+00,9.755624334968431288e-01,1.494104627878047875e+00,8.759451427524471701e-01,7.935196827486282745e-01,7.252723630953206158e-01,1.219453041871053856e+00,1.157062421124162688e+00,5.609209031379819299e-01,1.056341488499766390e+00,1.040872052475711129e+00,6.546537382676183014e-01,8.698196522436887346e-01,7.561350168440575947e-01,7.360012442061981686e-01,6.929482466342479219e-01,3.281905284191226624e-01,5.092495814568985812e-01,3.277581298309551472e-01,3.830152741211623746e-01,4.564558175076972590e-01,0.000000000000000000e+00,0.000000000000000000e+00,0.000000000000000000e+00,0.000000000000000000e+00,0.000000000000000000e+00,0.000000000000000000e+00,0.000000000000000000e+00,0.000000000000000000e+00,0.000000000000000000e+00,0.000000000000000000e+00,0.000000000000000000e+00,0.000000000000000000e+00,0.000000000000000000e+00,0.000000000000000000e+00,0.000000000000000000e+00,0.000000000000000000e+00,0.000000000000000000e+00,0.000000000000000000e+00,0.000000000000000000e+00,0.000000000000000000e+00,0.000000000000000000e+00,0.000000000000000000e+00,0.000000000000000000e+00,0.000000000000000000e+00,0.000000000000000000e+00,0.000000000000000000e+00,0.000000000000000000e+00,0.000000000000000000e+00
0.000000000000000000e+00,0.000000000000000000e+00,0.000000000000000000e+00,0.000000000000000000e+00,0.000000000000000000e+00,0.000000000000000000e+00,0.000000000000000000e+00,0.000000000000000000e+00,0.000000000000000000e+00,0.000000000000000000e+00,0.000000000000000000e+00,0.000000000000000000e+00,0.000000000000000000e+00,0.000000000000000000e+00,0.000000000000000000e+00,0.000000000000000000e+00,0.000000000000000000e+00,0.000000000000000000e+00,0.000000000000000000e+00,0.000000000000000000e+00,0.000000000000000000e+00,0.000000000000000000e+00,0.000000000000000000e+00,1.043054174179014693e+00,7.179463796297113065e-01,4.315150399682480264e-01,3.479278608974754605e-01,6.572481388155746451e-01,4.482313883634144180e-01,7.835225843832913650e-01,4.930989505286322294e-01,4.248820162966609471e-01,4.662950713058949814e-01,4.368190000732133371e-01,6.060132047300730296e-01,1.011253742039410541e+00,6.082357470457090409e-01,6.624991226143674972e-01,1.480764407986279618e+00,7.037296196370438350e-01,6.297934697258100734e-01,5.679644304604908323e-01,3.528630078605602183e+00,8.050757946333171322e-01,7.897410175926824483e-01,6.321942072215882558e-01,1.190279524122942467e+00,2.039085414276188502e+00,8.404338531814019575e-01,1.809224876666872595e+00,1.703893291381472608e+00,8.667889217480660990e-01,1.770593740510284730e+00,1.256406164351995036e+00,1.013313321962097779e+00,1.545145469203074384e+00,1.966548778985731216e+00,9.930875071524748465e-01,1.745743302046982359e+00,1.540361737100278683e+00,1.113057810029955075e+00,1.110573305989709825e+00,1.974352543981706232e+00,1.272472739343708303e+00,1.429703566331580467e+00,9.755624334968431288e-01,1.642035779153102171e+00,2.090490928921806546e+00,1.446328026405203415e+00,1.758080710542013980e+00,1.507687397222393866e+00,1.454786085039152077e+00,1.476370448318664597e+00,1.095896125734339144e+00,1.494104627878047875e+00,1.877497513522226047e+00,1.017457752726768749e+00,1.382046780787194340e+00,1.275735489957410262e+00,1.025849156872969070e+00,9.852214674918613468e-01,1.698077955916006632e+00,1.060846143034946509e+00,9.062601841227504451e-01,7.774013141927968995e-01,1.385896493268495844e+00,1.143762853065264373e+00,6.030749588889575685e-01,1.198883954417807152e+00,1.040872052475711129e+00,6.806249536024485680e-01,9.230739166667717432e-01,7.947872860757028146e-01,8.292280684723166706e-01,8.063806176392057656e-01,4.307678277778267950e-01,6.172913661084242776e-01,4.375873712254969017e-01,4.078170828552376559e-01,3.181181848359270758e-01,6.696323567744144611e-01,7.370916164198368925e-01,0.000000000000000000e+00,0.000000000000000000e+00,0.000000000000000000e+00,0.000000000000000000e+00,0.000000000000000000e+00,0.000000000000000000e+00,0.000000000000000000e+00,0.000000000000000000e+00,0.000000000000000000e+00,0.000000000000000000e+00,0.000000000000000000e+00,0.000000000000000000e+00,0.000000000000000000e+00,0.000000000000000000e+00,0.000000000000000000e+00,0.000000000000000000e+00,0.000000000000000000e+00,0.000000000000000000e+00,0.000000000000000000e+00,0.000000000000000000e+00,0.000000000000000000e+00,0.000000000000000000e+00,0.000000000000000000e+00,0.000000000000000000e+00,0.000000000000000000e+00,0.000000000000000000e+00
0.000000000000000000e+00,0.000000000000000000e+00,0.000000000000000000e+00,0.000000000000000000e+00,0.000000000000000000e+00,0.000000000000000000e+00,0.000000000000000000e+00,0.000000000000000000e+00,0.000000000000000000e+00,0.000000000000000000e+00,0.000000000000000000e+00,0.000000000000000000e+00,0.000000000000000000e+00,0.000000000000000000e+00,0.000000000000000000e+00,0.000000000000000000e+00,0.000000000000000000e+00,0.000000000000000000e+00,0.000000000000000000e+00,0.000000000000000000e+00,0.000000000000000000e+00,0.000000000000000000e+00,0.000000000000000000e+00,0.000000000000000000e+00,0.000000000000000000e+00,8.852968702551423652e-01,7.448156303643562737e-01,1.535607534207993563e+00,1.034380126992494597e+00,1.647472983719834305e+00,1.170674920196211666e+00,1.051874928294693312e+00,1.176210026201867542e+00,9.950736821667799381e-01,1.363114633105177997e+00,2.591337713975989665e+00,1.382046780787194340e+00,1.450544726190641232e+00,3.553834579167071350e+00,1.802669714070253226e+00,1.610151589266634264e+00,1.459052319892639060e+00,8.884586447917678598e+00,2.081744104951422258e+00,1.974352543981706232e+00,1.715644279597896338e+00,3.090290938406148769e+00,4.289110698994741178e+00,2.163203656884304049e+00,4.975368410833899802e+00,5.129245784364844241e+00,2.182179127558727671e+00,4.442293223958839299e+00,3.479278608974754938e+00,3.015374794444787732e+00,4.784008087340287929e+00,4.606822602623981133e+00,2.779535425046871122e+00,4.926107337459306734e+00,3.917612921916456159e+00,3.169024465499299392e+00,3.189338724893525434e+00,4.830454767799902349e+00,3.769218493055984887e+00,3.827206469872230343e+00,3.033761226118231402e+00,4.045014968157642166e+00,5.237229906140946412e+00,3.980294728667119752e+00,4.252451633191367542e+00,4.045014968157642166e+00,4.216413907486355583e+00,4.649877019470934236e+00,2.810942604990903870e+00,3.917612921916456159e+00,4.738446105556095134e+00,2.564622892182422120e+00,3.109605256771187598e+00,3.316912273889266682e+00,2.525567721235482122e+00,2.475307667081541929e+00,3.361735412725607830e+00,2.303411301311990567e+00,2.090490928921806546e+00,2.126225816595683771e+00,2.875935497591849188e+00,2.733718907051593039e+00,1.421533831666828451e+00,2.380559048245884934e+00,2.646472558954202192e+00,1.503132450402990816e+00,2.324938509735467118e+00,1.906271421775440622e+00,1.863433861735543040e+00,1.733577843496132198e+00,9.794032304791140398e-01,1.485184600248925069e+00,1.098315322479889611e+00,1.034380126992494597e+00,7.067284674479971107e-01,9.660909535599805364e-01,8.728716510234911796e-01,0.000000000000000000e+00,0.000000000000000000e+00,0.000000000000000000e+00,0.000000000000000000e+00,0.000000000000000000e+00,0.000000000000000000e+00,0.000000000000000000e+00,0.000000000000000000e+00,0.000000000000000000e+00,0.000000000000000000e+00,0.000000000000000000e+00,0.000000000000000000e+00,0.000000000000000000e+00,0.000000000000000000e+00,0.000000000000000000e+00,0.000000000000000000e+00,0.000000000000000000e+00,0.000000000000000000e+00,0.000000000000000000e+00,0.000000000000000000e+00,0.000000000000000000e+00,0.000000000000000000e+00,0.000000000000000000e+00,0.000000000000000000e+00,0.000000000000000000e+00,0.000000000000000000e+00
0.000000000000000000e+00,0.000000000000000000e+00,0.000000000000000000e+00,0.000000000000000000e+00,0.000000000000000000e+00,0.000000000000000000e+00,0.000000000000000000e+00,0.000000000000000000e+00,0.000000000000000000e+00,0.000000000000000000e+00,0.000000000000000000e+00,0.000000000000000000e+00,0.000000000000000000e+00,0.000000000000000000e+00,0.000000000000000000e+00,0.000000000000000000e+00,0.000000000000000000e+00,0.000000000000000000e+00,0.000000000000000000e+00,0.000000000000000000e+00,0.000000000000000000e+00,0.000000000000000000e+00,1.193133911470959152e+00,4.564558175076972590e-01,4.498524783755786238e-01,3.581978697504606957e-01,3.097987802511768529e-01,6.537934836838238395e-01,4.248820162966609471e-01,7.448156303643562737e-01,4.911518668147976108e-01,3.865865121083061351e-01,4.395201776355034951e-01,4.156531671540434347e-01,5.846496369957578931e-01,1.051874928294693312e+00,5.718814265326321866e-01,5.805564073318435492e-01,1.341069652515875843e+00,6.289972706490392085e-01,5.686135326667314249e-01,5.559070850093742466e-01,4.523062191667181153e+00,7.935196827486282745e-01,8.156341657104753118e-01,5.944287229192233291e-01,1.141139543769243092e+00,2.324938509735467118e+00,8.196653065624217582e-01,1.842729041049592675e+00,1.554802628385593799e+00,8.292280684723166706e-01,1.454786085039152077e+00,1.370624906565812484e+00,1.040872052475711129e+00,1.727558475983992814e+00,1.658456136944633341e+00,9.891388490723458382e-01,1.692302180555748103e+00,1.421533831666828451e+00,1.130765547916795288e+00,1.049655782876350196e+00,1.920991664414632760e+00,1.176210026201867542e+00,1.216471494091418082e+00,9.586451658639497664e-01,1.454786085039152077e+00,1.870439252193195401e+00,1.344694165090243088e+00,1.599796916666848867e+00,1.480764407986279618e+00,1.417483877730455921e+00,1.433823749519855806e+00,9.299754038941867584e-01,1.269226635416811133e+00,1.703893291381472608e+00,1.019542707138094251e+00,1.305870973972152127e+00,1.225460199712783194e+00,9.852214674918613468e-01,9.970678178023847371e-01,1.512270033688115189e+00,9.213645205247963377e-01,7.666207104520645910e-01,7.284580396535723645e-01,1.265997051102773607e+00,1.118060317041325691e+00,5.792047044044120740e-01,1.093487562820637304e+00,1.154377821539187776e+00,6.555162596619102944e-01,8.652814627537216419e-01,8.683016423793891159e-01,7.448156303643562737e-01,7.678037671039967815e-01,3.967598413743141372e-01,7.572859072806544800e-01,5.276106480205620120e-01,4.985339089011923686e-01,3.354934869072083159e-01,4.498524783755786238e-01,2.862697589662773212e-01,6.172913661084242776e-01,9.334649926517635254e-01,0.000000000000000000e+00,0.000000000000000000e+00,0.000000000000000000e+00,0.000000000000000000e+00,0.000000000000000000e+00,0.000000000000000000e+00,0.000000000000000000e+00,0.000000000000000000e+00,0.000000000000000000e+00,0.000000000000000000e+00,0.000000000000000000e+00,0.000000000000000000e+00,0.000000000000000000e+00,0.000000000000000000e+00,0.000000000000000000e+00,0.000000000000000000e+00,0.000000000000000000e+00,0.000000000000000000e+00,0.000000000000000000e+00,0.000000000000000000e+00,0.000000000000000000e+00,0.000000000000000000e+00,0.000000000000000000e+00,0.000000000000000000e+00
0.000000000000000000e+00,0.000000000000000000e+00,0.000000000000000000e+00,0.000000000000000000e+00,0.000000000000000000e+00,0.000000000000000000e+00,0.000000000000000000e+00,0.000000000000000000e+00,0.000000000000000000e+00,0.000000000000000000e+00,0.000000000000000000e+00,0.000000000000000000e+00,0.000000000000000000e+00,0.000000000000000000e+00,0.000000000000000000e+00,0.000000000000000000e+00,0.000000000000000000e+00,0.000000000000000000e+00,0.000000000000000000e+00,0.000000000000000000e+00,0.000000000000000000e+00,0.000000000000000000e+00,8.169734664751887587e-01,4.391322516181729307e-01,5.193495209638726573e-01,5.010441501343303461e-01,4.237962871238415419e-01,8.210178895765510854e-01,5.522051510359489157e-01,1.017457752726768749e+00,6.436440376240490924e-01,5.171900634962472987e-01,5.705697718846215460e-01,5.765200939552607151e-01,7.847584244217508109e-01,1.240740252078279315e+00,7.630933145450766730e-01,8.292280684723166706e-01,1.686565562994542411e+00,8.563456817270050925e-01,8.361963715687226184e-01,7.392820818475334121e-01,5.467437814103186078e+00,1.103185900406629560e+00,9.891388490723458382e-01,9.062601841227504451e-01,1.884609246527992443e+00,2.427008980894585388e+00,1.146398251344216579e+00,2.261531095833590577e+00,2.108206953743177792e+00,1.133341323652368837e+00,2.380559048245884934e+00,1.636634345669045754e+00,1.389767712523435561e+00,1.849579334882490489e+00,2.292796502688433158e+00,1.228486027366394895e+00,2.475307667081541929e+00,1.928437368540271146e+00,1.574483674314525183e+00,1.604957551881903033e+00,2.292796502688433158e+00,1.516880613059115701e+00,1.564581261268521706e+00,1.359390276184125446e+00,2.073070171180791288e+00,2.191792251468678288e+00,1.815827887165656795e+00,2.221146611979419649e+00,1.783286168757669987e+00,1.958806460958228080e+00,1.770593740510284730e+00,1.216471494091418082e+00,1.898995576654159967e+00,2.163203656884304049e+00,1.256406164351995036e+00,1.829179562806580783e+00,1.530882587948892315e+00,1.207613691949975587e+00,1.305870973972152127e+00,2.030762616666897724e+00,1.319726368921458670e+00,1.105637424629755339e+00,9.179646514453688733e-01,1.751890285504894340e+00,1.472002488412396337e+00,7.619247183512862787e-01,1.535607534207993563e+00,1.437967748795924594e+00,8.759451427524471701e-01,1.110573305989709825e+00,9.871762719908531158e-01,9.930875071524748465e-01,9.950736821667799381e-01,5.220743348199264888e-01,9.494977883270799834e-01,7.263311548662627626e-01,8.063806176392057656e-01,5.467437814103186522e-01,7.437023035626156853e-01,3.348161783872072306e-01,5.025624657407978813e-01,5.349858506273010850e-01,1.067675624642467680e+00,0.000000000000000000e+00,0.000000000000000000e+00,0.000000000000000000e+00,0.000000000000000000e+00,0.000000000000000000e+00,0.000000000000000000e+00,0.000000000000000000e+00,0.000000000000000000e+00,0.000000000000000000e+00,0.000000000000000000e+00,0.000000000000000000e+00,0.000000000000000000e+00,0.000000000000000000e+00,0.000000000000000000e+00,0.000000000000000000e+00,0.000000000000000000e+00,0.000000000000000000e+00,0.000000000000000000e+00,0.000000000000000000e+00,0.000000000000000000e+00,0.000000000000000000e+00,0.000000000000000000e+00,0.000000000000000000e+00
0.000000000000000000e+00,0.000000000000000000e+00,0.000000000000000000e+00,0.000000000000000000e+00,0.000000000000000000e+00,0.000000000000000000e+00,0.000000000000000000e+00,0.000000000000000000e+00,0.000000000000000000e+00,0.000000000000000000e+00,0.000000000000000000e+00,0.000000000000000000e+00,0.000000000000000000e+00,0.000000000000000000e+00,0.000000000000000000e+00,0.000000000000000000e+00,0.000000000000000000e+00,0.000000000000000000e+00,0.000000000000000000e+00,0.000000000000000000e+00,0.000000000000000000e+00,0.000000000000000000e+00,7.414856051913412127e-01,4.747488941635399917e-01,6.461517416667401648e-01,6.142430136831974474e-01,5.155822187392642419e-01,1.025849156872969070e+00,6.723470825451215438e-01,1.256406164351995036e+00,7.515662252014954081e-01,5.832788289371512169e-01,7.619247183512862787e-01,6.537934836838238395e-01,9.950736821667799381e-01,1.636634345669045754e+00,9.494977883270799834e-01,1.074593609251382365e+00,2.369223052778047567e+00,1.027968679924359474e+00,1.009202517410527244e+00,9.247896674412452445e-01,8.024787759409516497e+00,1.341069652515875843e+00,1.299051804395274123e+00,1.081601828442152025e+00,2.261531095833590577e+00,3.887006570963984498e+00,1.521519391692323975e+00,3.455116951967985628e+00,2.764093561574388680e+00,1.299051804395274123e+00,2.718780552368250891e+00,2.047476712277324751e+00,1.615379354166850634e+00,2.689388330180486175e+00,2.909572170078304154e+00,1.594669362446762717e+00,2.875935497591849188e+00,2.380559048245884934e+00,1.692302180555748103e+00,1.906271421775440622e+00,3.294945967439668610e+00,1.849579334882490489e+00,2.135351249284935360e+00,1.870439252193195401e+00,2.335853714006525639e+00,3.033761226118231402e+00,2.438906083742107711e+00,2.618614953070473206e+00,2.525567721235482122e+00,2.292796502688433158e+00,2.380559048245884934e+00,1.594669362446762717e+00,2.108206953743177792e+00,2.618614953070473206e+00,1.647472983719834305e+00,2.108206953743177792e+00,1.829179562806580783e+00,1.467660298181091338e+00,1.559676617816269539e+00,2.646472558954202192e+00,1.454786085039152077e+00,1.341069652515875843e+00,1.269226635416811133e+00,1.884609246527992443e+00,1.849579334882490489e+00,8.948504336032193640e-01,1.669586715044932834e+00,1.835929302890737747e+00,1.001080163145653845e+00,1.370624906565812484e+00,1.259586939451620147e+00,1.352002285552690308e+00,1.081601828442152025e+00,6.419830207527612576e-01,1.198883954417807152e+00,9.213645205247963377e-01,9.334649926517635254e-01,7.437023035626156853e-01,1.110573305989709825e+00,4.911518668147976108e-01,6.305916870511912853e-01,4.572948907016451958e-01,5.937193807677684232e-01,0.000000000000000000e+00,0.000000000000000000e+00,0.000000000000000000e+00,0.000000000000000000e+00,0.000000000000000000e+00,0.000000000000000000e+00,0.000000000000000000e+00,0.000000000000000000e+00,0.000000000000000000e+00,0.000000000000000000e+00,0.000000000000000000e+00,0.000000000000000000e+00,0.000000000000000000e+00,0.000000000000000000e+00,0.000000000000000000e+00,0.000000000000000000e+00,0.000000000000000000e+00,0.000000000000000000e+00,0.000000000000000000e+00,0.000000000000000000e+00,0.000000000000000000e+00,0.000000000000000000e+00,0.000000000000000000e+00
0.000000000000000000e+00,0.000000000000000000e+00,0.000000000000000000e+00,0.000000000000000000e+00,0.000000000000000000e+00,0.000000000000000000e+00,0.000000000000000000e+00,0.000000000000000000e+00,0.000000000000000000e+00,0.000000000000000000e+00,0.000000000000000000e+00,0.000000000000000000e+00,0.000000000000000000e+00,0.000000000000000000e+00,0.000000000000000000e+00,0.000000000000000000e+00,0.000000000000000000e+00,0.000000000000000000e+00,0.000000000000000000e+00,0.000000000000000000e+00,7.117837497616451570e-01,7.713749474161084585e-01,3.587143771329415753e-01,2.859407132663160933e-01,4.022124826866531611e-01,3.506249760982311225e-01,3.048632604677634639e-01,6.354238072584801333e-01,4.054904980304726569e-01,7.678037671039967815e-01,4.547868748477055800e-01,3.602728755129543381e-01,4.510760118616409242e-01,3.964436980744142636e-01,5.349858506273010850e-01,9.129116350153945181e-01,5.349858506273010850e-01,5.751870995183698820e-01,1.312762113676490650e+00,6.023448439266222421e-01,6.104746516360612940e-01,5.231722829478337999e-01,3.528630078605602183e+00,8.418559070784938925e-01,7.349140931807828236e-01,6.038068459749877936e-01,1.302452463569083729e+00,2.081744104951422258e+00,8.251025556938472727e-01,1.783286168757669987e+00,1.620641176167394004e+00,8.404338531814019575e-01,1.393660619281204216e+00,1.146398251344216579e+00,9.213645205247963377e-01,1.480764407986279618e+00,1.625937389161405289e+00,9.213645205247963377e-01,1.620641176167394004e+00,1.485184600248925069e+00,1.036535085590395644e+00,1.036535085590395644e+00,1.783286168757669987e+00,1.065389381334882035e+00,1.316235029321137562e+00,1.007159597334797541e+00,1.305870973972152127e+00,1.686565562994542411e+00,1.231526834364826684e+00,1.437967748795924594e+00,1.359390276184125446e+00,1.272472739343708303e+00,1.323236279477101096e+00,9.604958322073163801e-01,1.363114633105177997e+00,1.425606994508280545e+00,9.494977883270799834e-01,1.256406164351995036e+00,1.165191665300679080e+00,8.593036978987736996e-01,9.549651460333780095e-01,1.485184600248925069e+00,9.013348570351266131e-01,7.381852241593322983e-01,6.529354869860760635e-01,1.133341323652368837e+00,1.088702059263435329e+00,5.287320309068969104e-01,9.162741088091895802e-01,1.045245464460903273e+00,5.725395179325546424e-01,7.810625448718837571e-01,7.087419388652279606e-01,7.077337711001279175e-01,7.252723630953206158e-01,3.707428025956706064e-01,6.978076312530013814e-01,5.431624902657095078e-01,6.097265209355269278e-01,4.970398012821078404e-01,7.252723630953206158e-01,3.553834579167071128e-01,4.676098130482988502e-01,2.809355398551044436e-01,2.341349840392423498e-01,5.692641202327116678e-01,1.125648961727126585e+00,0.000000000000000000e+00,0.000000000000000000e+00,0.000000000000000000e+00,0.000000000000000000e+00,0.000000000000000000e+00,0.000000000000000000e+00,0.000000000000000000e+00,0.000000000000000000e+00,0.000000000000000000e+00,0.000000000000000000e+00,0.000000000000000000e+00,0.000000000000000000e+00,0.000000000000000000e+00,0.000000000000000000e+00,0.000000000000000000e+00,0.000000000000000000e+00,0.000000000000000000e+00,0.000000000000000000e+00,0.000000000000000000e+00,0.000000000000000000e+00,0.000000000000000000e+00
0.000000000000000000e+00,0.000000000000000000e+00,0.000000000000000000e+00,0.000000000000000000e+00,0.000000000000000000e+00,0.000000000000000000e+00,0.000000000000000000e+00,0.000000000000000000e+00,0.000000000000000000e+00,0.000000000000000000e+00,0.000000000000000000e+00,0.000000000000000000e+00,0.000000000000000000e+00,0.000000000000000000e+00,0.000000000000000000e+00,0.000000000000000000e+00,0.000000000000000000e+00,0.000000000000000000e+00,0.000000000000000000e+00,0.000000000000000000e+00,8.264731579458304278e-01,9.930875071524748465e-01,5.666706618261844186e-01,4.887395295514636029e-01,7.037296196370438350e-01,6.266207066541434889e-01,5.287320309068969104e-01,1.038699041927745315e+00,7.327493977664064628e-01,1.219453041871053856e+00,8.076896770834253170e-01,7.295261599463195301e-01,6.732568891520838150e-01,7.642655008961444230e-01,1.009202517410527244e+00,1.733577843496132198e+00,9.755624334968431288e-01,1.051874928294693312e+00,2.475307667081541929e+00,1.083958259440936711e+00,1.210551924777104604e+00,9.586451658639497664e-01,6.378677449787050868e+00,1.389767712523435561e+00,1.378218396352880681e+00,1.086324980531419016e+00,2.271857721841963329e+00,4.146140342361582576e+00,1.442135771256202847e+00,3.503780571009788680e+00,2.810942604990903870e+00,1.526186629090153346e+00,3.052373258180306692e+00,2.324938509735467118e+00,1.610151589266634264e+00,2.748822326427569074e+00,3.129162522537043412e+00,1.739639304487377469e+00,3.887006570963984498e+00,2.632470058642275124e+00,2.241156941817071591e+00,1.829179562806580783e+00,3.316912273889266682e+00,2.014319194669595081e+00,2.251297923454253169e+00,1.559676617816269539e+00,2.512812328703990072e+00,3.230758708333701268e+00,2.450920399425566387e+00,3.090290938406148769e+00,2.314124842248325375e+00,2.022507484078821083e+00,2.577911093696321210e+00,1.433823749519855806e+00,2.241156941817071591e+00,2.764093561574388680e+00,1.789700867206438728e+00,2.415227383899951175e+00,1.692302180555748103e+00,1.675208219135993160e+00,1.669586715044932834e+00,2.718780552368250891e+00,1.535607534207993563e+00,1.480764407986279618e+00,1.216471494091418082e+00,2.172649961062838031e+00,1.974352543981706232e+00,1.003098469926189562e+00,1.610151589266634264e+00,1.849579334882490489e+00,1.005124931481595763e+00,1.535607534207993563e+00,1.299051804395274123e+00,1.216471494091418082e+00,1.184611526389023783e+00,6.520797392967103701e-01,1.288955546848160605e+00,9.046124383334362973e-01,1.056341488499766390e+00,8.519466456907363039e-01,1.429703566331580467e+00,6.750839092040569200e-01,9.852214674918613468e-01,5.344112149123415589e-01,3.273268691338091507e-01,5.559070850093742466e-01,7.316718251226324021e-01,0.000000000000000000e+00,0.000000000000000000e+00,0.000000000000000000e+00,0.000000000000000000e+00,0.000000000000000000e+00,0.000000000000000000e+00,0.000000000000000000e+00,0.000000000000000000e+00,0.000000000000000000e+00,0.000000000000000000e+00,0.000000000000000000e+00,0.000000000000000000e+00,0.000000000000000000e+00,0.000000000000000000e+00,0.000000000000000000e+00,0.000000000000000000e+00,0.000000000000000000e+00,0.000000000000000000e+00,0.000000000000000000e+00,0.000000000000000000e+00,0.000000000000000000e+00
0.000000000000000000e+00,0.000000000000000000e+00,0.000000000000000000e+00,0.000000000000000000e+00,0.000000000000000000e+00,0.000000000000000000e+00,0.000000000000000000e+00,0.000000000000000000e+00,0.000000000000000000e+00,0.000000000000000000e+00,0.000000000000000000e+00,0.000000000000000000e+00,0.000000000000000000e+00,0.000000000000000000e+00,0.000000000000000000e+00,0.000000000000000000e+00,0.000000000000000000e+00,0.000000000000000000e+00,0.000000000000000000e+00,1.190279524122942467e+00,6.929482466342479219e-01,1.032234110131514448e+00,6.234797507310650966e-01,5.425701647583314191e-01,7.392820818475334121e-01,6.354238072584801333e-01,5.712248462495865819e-01,1.154377821539187776e+00,7.481757008772781381e-01,1.337464626568252601e+00,9.282403751555782234e-01,7.210678856281014237e-01,8.728716510234911796e-01,7.425923001244625343e-01,9.950736821667799381e-01,1.758080710542013980e+00,1.060846143034946509e+00,1.207613691949975587e+00,3.052373258180306692e+00,1.167926857003262819e+00,1.165191665300679080e+00,1.036535085590395644e+00,6.067522452236462804e+00,1.604957551881903033e+00,1.540361737100278683e+00,1.288955546848160605e+00,2.303411301311990567e+00,5.292945117908404384e+00,1.559676617816269539e+00,3.407786582762945216e+00,2.795150792603314560e+00,1.652946315891660856e+00,2.859407132663160933e+00,2.117178047163361665e+00,1.884609246527992443e+00,3.148967348629050367e+00,3.251874778322810577e+00,2.055937359848718948e+00,3.384604361111496207e+00,2.779535425046871122e+00,2.346871891902782892e+00,2.392004043670143965e+00,3.169024465499299392e+00,2.251297923454253169e+00,2.403559618760338079e+00,1.891775061153573967e+00,2.795150792603314560e+00,3.579401734412877456e+00,2.551470979914820525e+00,3.090290938406148769e+00,3.090290938406148769e+00,2.271857721841963329e+00,2.704004571105380617e+00,1.739639304487377469e+00,2.369223052778047567e+00,3.294945967439668610e+00,1.898995576654159967e+00,2.689388330180486175e+00,2.231106910687847389e+00,1.829179562806580783e+00,1.686565562994542411e+00,2.764093561574388680e+00,1.594669362446762717e+00,1.620641176167394004e+00,1.288955546848160605e+00,2.335853714006525639e+00,2.099311565752700393e+00,1.021636223990533887e+00,1.739639304487377469e+00,1.974352543981706232e+00,1.143762853065264373e+00,1.680867706362803915e+00,1.323236279477101096e+00,1.485184600248925069e+00,1.302452463569083729e+00,7.527032391579273618e-01,1.285624912360180838e+00,1.023738356138662375e+00,1.219453041871053856e+00,9.832743894928656081e-01,1.545145469203074384e+00,8.980809405837363313e-01,1.259586939451620147e+00,7.210678856281014237e-01,4.198623131505400674e-01,4.955546225930178572e-01,5.621885209981807296e-01,0.000000000000000000e+00,0.000000000000000000e+00,0.000000000000000000e+00,0.000000000000000000e+00,0.000000000000000000e+00,0.000000000000000000e+00,0.000000000000000000e+00,0.000000000000000000e+00,0.000000000000000000e+00,0.000000000000000000e+00,0.000000000000000000e+00,0.000000000000000000e+00,0.000000000000000000e+00,0.000000000000000000e+00,0.000000000000000000e+00,0.000000000000000000e+00,0.000000000000000000e+00,0.000000000000000000e+00,0.000000000000000000e+00,0.000000000000000000e+00,0.000000000000000000e+00
0.000000000000000000e+00,0.000000000000000000e+00,0.000000000000000000e+00,0.000000000000000000e+00,0.000000000000000000e+00,0.000000000000000000e+00,0.000000000000000000e+00,0.000000000000000000e+00,0.000000000000000000e+00,0.000000000000000000e+00,0.000000000000000000e+00,0.000000000000000000e+00,0.000000000000000000e+00,0.000000000000000000e+00,0.000000000000000000e+00,0.000000000000000000e+00,0.000000000000000000e+00,0.000000000000000000e+00,0.000000000000000000e+00,7.527032391579273618e-01,5.113431049161253350e-01,8.593036978987736996e-01,4.830454767799902682e-01,3.954982838500715192e-01,5.812346274338667795e-01,5.402137253891312607e-01,4.598307218885304137e-01,9.112396356838643463e-01,5.673168085329417520e-01,1.167926857003262819e+00,6.987876981508286400e-01,5.270517384357944479e-01,6.660466413432262200e-01,6.030749588889575685e-01,8.347933575224664171e-01,1.549959006490311264e+00,8.116424813758399415e-01,9.112396356838643463e-01,2.064468220263028897e+00,9.282403751555782234e-01,8.744056961043760179e-01,8.024787759409515164e-01,5.349858506273010406e+00,1.374411163213784537e+00,1.108099868782605801e+00,9.230739166667717432e-01,2.030762616666897724e+00,3.455116951967985628e+00,1.330312409313876731e+00,2.718780552368250891e+00,2.292796502688433158e+00,1.210551924777104604e+00,2.604904927138167459e+00,1.739639304487377469e+00,1.615379354166850634e+00,2.591337713975989665e+00,2.859407132663160933e+00,1.535607534207993563e+00,2.512812328703990072e+00,2.438906083742107711e+00,1.636634345669045754e+00,1.835929302890737747e+00,2.795150792603314560e+00,1.815827887165656795e+00,1.884609246527992443e+00,1.352002285552690308e+00,2.135351249284935360e+00,2.538453270833622266e+00,2.099311565752700393e+00,2.282279087538486184e+00,2.357994507504217907e+00,2.126225816595683771e+00,2.022507484078821083e+00,1.382046780787194340e+00,1.891775061153573967e+00,2.415227383899951175e+00,1.285624912360180838e+00,1.982218490372071429e+00,1.686565562994542411e+00,1.292303483333480330e+00,1.472002488412396337e+00,2.292796502688433158e+00,1.467660298181091338e+00,1.125648961727126585e+00,1.054103476871588896e+00,1.842729041049592675e+00,1.636634345669045754e+00,8.251025556938472727e-01,1.309307476535236603e+00,1.498604943022258773e+00,8.548742973941407808e-01,1.091089563779363836e+00,1.076919569444567015e+00,1.091089563779363836e+00,9.774790591029272058e-01,5.326946906674410176e-01,1.123107993416230244e+00,7.666207104520645910e-01,9.970678178023847371e-01,7.242166536876126770e-01,1.288955546848160605e+00,6.453136719628922435e-01,9.930875071524748465e-01,6.537934836838238395e-01,4.118682459299585763e-01,4.568749688552708466e-01,3.328005625975852810e-01,6.329985255513868037e-01,1.149045822363487179e+00,0.000000000000000000e+00,0.000000000000000000e+00,0.000000000000000000e+00,0.000000000000000000e+00,0.000000000000000000e+00,0.000000000000000000e+00,0.000000000000000000e+00,0.000000000000000000e+00,0.000000000000000000e+00,0.000000000000000000e+00,0.000000000000000000e+00,0.000000000000000000e+00,0.000000000000000000e+00,0.000000000000000000e+00,0.000000000000000000e+00,0.000000000000000000e+00,0.000000000000000000e+00,0.000000000000000000e+00,0.000000000000000000e+00
0.000000000000000000e+00,0.000000000000000000e+00,0.000000000000000000e+00,0.000000000000000000e+00,0.000000000000000000e+00,0.000000000000000000e+00,0.000000000000000000e+00,0.000000000000000000e+00,0.000000000000000000e+00,0.000000000000000000e+00,0.000000000000000000e+00,0.000000000000000000e+00,0.000000000000000000e+00,0.000000000000000000e+00,0.000000000000000000e+00,0.000000000000000000e+00,0.000000000000000000e+00,0.000000000000000000e+00,8.129686945807026444e-01,5.166530021634371250e-01,4.523062191667181486e-01,7.701808685501393414e-01,4.454224181588092857e-01,3.980294728667119197e-01,5.731991256721082895e-01,5.015492349630947810e-01,4.364358255117455898e-01,9.317169308677715200e-01,5.798797681624592304e-01,9.911092451860357144e-01,6.732568891520838150e-01,5.349858506273010850e-01,6.112246204955651407e-01,5.540499343913029007e-01,8.050757946333171322e-01,1.494104627878047875e+00,8.183171728345228768e-01,8.320014064939631471e-01,2.090490928921806546e+00,9.095737496954111601e-01,8.563456817270050925e-01,7.897410175926824483e-01,5.408009142210761233e+00,1.173435945951391446e+00,1.076919569444567015e+00,8.774900195474250042e-01,2.014319194669595081e+00,3.169024465499299392e+00,1.184611526389023783e+00,2.748822326427569074e+00,2.577911093696321210e+00,1.302452463569083729e+00,2.144555349497370589e+00,1.745743302046982359e+00,1.579482035185364897e+00,2.475307667081541929e+00,2.403559618760338079e+00,1.341069652515875843e+00,2.450920399425566387e+00,2.261531095833590577e+00,1.498604943022258773e+00,1.636634345669045754e+00,2.892656052810406830e+00,1.727558475983992814e+00,1.745743302046982359e+00,1.409452807601671243e+00,1.990147364333559876e+00,2.689388330180486175e+00,1.842729041049592675e+00,2.126225816595683771e+00,2.064468220263028897e+00,1.928437368540271146e+00,1.966548778985731216e+00,1.389767712523435561e+00,2.055937359848718948e+00,2.415227383899951175e+00,1.393660619281204216e+00,1.647472983719834305e+00,1.512270033688115189e+00,1.219453041871053856e+00,1.231526834364826684e+00,2.117178047163361665e+00,1.231526834364826684e+00,1.060846143034946509e+00,9.990699620148392190e-01,1.658456136944633341e+00,1.594669362446762717e+00,7.470523139390239376e-01,1.312762113676490650e+00,1.652946315891660856e+00,8.607903824972145124e-01,1.115553455343923694e+00,1.032234110131514448e+00,8.948504336032193640e-01,1.054103476871588896e+00,5.540499343913029007e-01,1.036535085590395644e+00,7.960589457334238395e-01,9.852214674918613468e-01,6.948838562617177805e-01,1.216471494091418082e+00,6.572481388155746451e-01,1.115553455343923694e+00,6.714397315565316937e-01,4.318896189959982035e-01,5.102941959829641050e-01,3.264677434930380318e-01,4.391322516181729307e-01,4.844565151737000863e-01,0.000000000000000000e+00,0.000000000000000000e+00,0.000000000000000000e+00,0.000000000000000000e+00,0.000000000000000000e+00,0.000000000000000000e+00,0.000000000000000000e+00,0.000000000000000000e+00,0.000000000000000000e+00,0.000000000000000000e+00,0.000000000000000000e+00,0.000000000000000000e+00,0.000000000000000000e+00,0.000000000000000000e+00,0.000000000000000000e+00,0.000000000000000000e+00,0.000000000000000000e+00,0.000000000000000000e+00,0.000000000000000000e+00
0.000000000000000000e+00,0.000000000000000000e+00,0.000000000000000000e+00,0.000000000000000000e+00,0.000000000000000000e+00,0.000000000000000000e+00,0.000000000000000000e+00,0.000000000000000000e+00,0.000000000000000000e+00,0.000000000000000000e+00,0.000000000000000000e+00,0.000000000000000000e+00,0.000000000000000000e+00,0.000000000000000000e+00,0.000000000000000000e+00,0.000000000000000000e+00,0.000000000000000000e+00,1.196002021835071982e+00,7.242166536876126770e-01,5.812346274338667795e-01,5.129245784364845351e-01,9.162741088091895802e-01,5.270517384357944479e-01,4.611092132376181096e-01,6.495259021976370617e-01,6.104746516360612940e-01,5.259374641473466561e-01,1.079255620571344831e+00,7.360012442061981686e-01,1.265997051102773607e+00,7.642655008961444230e-01,6.362363696718541517e-01,7.370916164198368925e-01,7.263311548662627626e-01,9.852214674918613468e-01,1.703893291381472608e+00,9.494977883270799834e-01,1.076919569444567015e+00,2.646472558954202192e+00,1.036535085590395644e+00,1.128201453703832069e+00,1.032234110131514448e+00,8.578221397989482355e+00,1.620641176167394004e+00,1.463343650245264804e+00,1.184611526389023783e+00,2.618614953070473206e+00,4.146140342361582576e+00,1.450544726190641232e+00,3.294945967439668610e+00,2.843067663333656903e+00,1.554802628385593799e+00,2.909572170078304154e+00,2.221146611979419649e+00,1.891775061153573967e+00,3.148967348629050367e+00,3.316912273889266682e+00,1.739639304487377469e+00,3.129162522537043412e+00,2.632470058642275124e+00,1.998139924029678438e+00,2.271857721841963329e+00,3.273268691338091507e+00,2.211274849259510678e+00,2.427008980894585388e+00,1.898995576654159967e+00,2.843067663333656903e+00,3.090290938406148769e+00,2.718780552368250891e+00,3.015374794444787732e+00,2.591337713975989665e+00,2.357994507504217907e+00,2.487684205416949901e+00,1.594669362446762717e+00,2.475307667081541929e+00,2.979262521457425095e+00,1.870439252193195401e+00,2.271857721841963329e+00,1.856480750311156447e+00,1.579482035185364897e+00,1.545145469203074384e+00,2.748822326427569074e+00,1.680867706362803915e+00,1.355686215486076263e+00,1.198883954417807152e+00,2.117178047163361665e+00,1.829179562806580783e+00,9.458875305767869834e-01,1.652946315891660856e+00,1.789700867206438728e+00,1.001080163145653845e+00,1.397575396301657280e+00,1.272472739343708303e+00,1.243842102708474950e+00,1.178997253752108954e+00,6.486790626902085855e-01,1.323236279477101096e+00,1.072277674748685294e+00,9.970678178023847371e-01,8.821575196514005457e-01,1.745743302046982359e+00,7.642655008961444230e-01,1.196002021835071982e+00,8.090029936315283887e-01,6.142430136831974474e-01,7.252723630953206158e-01,4.414701340580212685e-01,4.422549698519021577e-01,3.663746988832032314e-01,9.813349922749308174e-01,0.000000000000000000e+00,0.000000000000000000e+00,0.000000000000000000e+00,0.000000000000000000e+00,0.000000000000000000e+00,0.000000000000000000e+00,0.000000000000000000e+00,0.000000000000000000e+00,0.000000000000000000e+00,0.000000000000000000e+00,0.000000000000000000e+00,0.000000000000000000e+00,0.000000000000000000e+00,0.000000000000000000e+00,0.000000000000000000e+00,0.000000000000000000e+00,0.000000000000000000e+00,0.000000000000000000e+00
0.000000000000000000e+00,0.000000000000000000e+00,0.000000000000000000e+00,0.000000000000000000e+00,0.000000000000000000e+00,0.000000000000000000e+00,0.000000000000000000e+00,0.000000000000000000e+00,0.000000000000000000e+00,0.000000000000000000e+00,0.000000000000000000e+00,0.000000000000000000e+00,0.000000000000000000e+00,0.000000000000000000e+00,0.000000000000000000e+00,0.000000000000000000e+00,8.852968702551423652e-01,6.346133177084055665e-01,4.816426341562342062e-01,4.581370544045947901e-01,4.364358255117455898e-01,6.978076312530013814e-01,4.195082977094350407e-01,3.571693044389016025e-01,5.005400815728269226e-01,4.756566358349808565e-01,4.180981857843613092e-01,9.013348570351266131e-01,5.355617234482130673e-01,9.129116350153945181e-01,5.699161982627605205e-01,5.005400815728269226e-01,5.182675427951978220e-01,5.867179729756957229e-01,7.263311548662627626e-01,1.337464626568252601e+00,7.493024715111293865e-01,7.847584244217508109e-01,2.108206953743177792e+00,8.790403552710069901e-01,8.490389779580033158e-01,7.642655008961444230e-01,5.292945117908404384e+00,1.079255620571344831e+00,1.083958259440936711e+00,8.607903824972145124e-01,1.652946315891660856e+00,2.926687300490529609e+00,1.154377821539187776e+00,2.211274849259510678e+00,2.099311565752700393e+00,1.051874928294693312e+00,2.221146611979419649e+00,1.703893291381472608e+00,1.359390276184125446e+00,2.172649961062838031e+00,2.392004043670143965e+00,1.352002285552690308e+00,2.674929253136505203e+00,2.231106910687847389e+00,1.569516848843501622e+00,1.512270033688115189e+00,2.427008980894585388e+00,1.647472983719834305e+00,1.776917289583535675e+00,1.378218396352880681e+00,1.982218490372071429e+00,2.201490447271636786e+00,1.928437368540271146e+00,2.231106910687847389e+00,1.884609246527992443e+00,1.796161881167472663e+00,1.764315039302801091e+00,1.103185900406629560e+00,1.809224876666872595e+00,2.090490928921806546e+00,1.348338322719214055e+00,1.721580764994429025e+00,1.425606994508280545e+00,1.154377821539187776e+00,1.187438761535536846e+00,1.884609246527992443e+00,1.103185900406629560e+00,1.023738356138662375e+00,8.948504336032193640e-01,1.503132450402990816e+00,1.348338322719214055e+00,6.321942072215882558e-01,1.196002021835071982e+00,1.348338322719214055e+00,7.327493977664064628e-01,1.065389381334882035e+00,8.774900195474250042e-01,8.997049567511572477e-01,8.637792379919964070e-01,5.046012587052636222e-01,8.964627767268288361e-01,6.900649668285574467e-01,8.652814627537216419e-01,6.642681456387048433e-01,1.151705650655995283e+00,6.329985255513868037e-01,9.494977883270799834e-01,6.815573165525889987e-01,4.985339089011923686e-01,6.289972706490392085e-01,4.005932697933896613e-01,3.961280581874124240e-01,2.482718767881187116e-01,3.954982838500715192e-01,1.234582732216848555e+00,0.000000000000000000e+00,0.000000000000000000e+00,0.000000000000000000e+00,0.000000000000000000e+00,0.000000000000000000e+00,0.000000000000000000e+00,0.000000000000000000e+00,0.000000000000000000e+00,0.000000000000000000e+00,0.000000000000000000e+00,0.000000000000000000e+00,0.000000000000000000e+00,0.000000000000000000e+00,0.000000000000000000e+00,0.000000000000000000e+00,0.000000000000000000e+00,0.000000000000000000e+00
0.000000000000000000e+00,0.000000000000000000e+00,0.000000000000000000e+00,0.000000000000000000e+00,0.000000000000000000e+00,0.000000000000000000e+00,0.000000000000000000e+00,0.000000000000000000e+00,0.000000000000000000e+00,0.000000000000000000e+00,0.000000000000000000e+00,0.000000000000000000e+00,0.000000000000000000e+00,0.000000000000000000e+00,0.000000000000000000e+00,0.000000000000000000e+00,1.034380126992494597e+00,9.494977883270799834e-01,7.798383089081347697e-01,7.630933145450766730e-01,7.360012442061981686e-01,1.222449240991130281e+00,7.459322954773462966e-01,6.444777734240803024e-01,9.213645205247963377e-01,8.210178895765510854e-01,7.273930425195760385e-01,1.594669362446762717e+00,9.387487567611130235e-01,1.599796916666848867e+00,1.159759536324918461e+00,8.821575196514005457e-01,9.458875305767869834e-01,1.005124931481595763e+00,1.240740252078279315e+00,1.990147364333559876e+00,1.382046780787194340e+00,1.584512232749649696e+00,3.948705087963412463e+00,1.604957551881903033e+00,1.421533831666828451e+00,1.323236279477101096e+00,1.184611526389023695e+01,2.172649961062838031e+00,1.928437368540271146e+00,1.476370448318664597e+00,3.316912273889266682e+00,5.129245784364844241e+00,1.891775061153573967e+00,4.975368410833899802e+00,4.111874719697437897e+00,2.438906083742107711e+00,4.146140342361582576e+00,3.294945967439668610e+00,2.538453270833622266e+00,4.111874719697437897e+00,4.111874719697437897e+00,2.324938509735467118e+00,4.975368410833899802e+00,3.980294728667119752e+00,3.251874778322810577e+00,3.230758708333701268e+00,4.649877019470934236e+00,3.339173430089865668e+00,3.769218493055984887e+00,3.071215068415987126e+00,3.209915103763806066e+00,4.606822602623981133e+00,3.503780571009788680e+00,4.078170828552377003e+00,3.631655774331313591e+00,3.148967348629050367e+00,3.339173430089865668e+00,2.108206953743177792e+00,3.455116951967985628e+00,3.631655774331313591e+00,2.392004043670143965e+00,3.294945967439668610e+00,2.475307667081541929e+00,2.153839138889134031e+00,2.191792251468678288e+00,3.230758708333701268e+00,2.271857721841963329e+00,1.758080710542013980e+00,1.503132450402990816e+00,2.564622892182422120e+00,2.810942604990903870e+00,1.198883954417807152e+00,1.776917289583535675e+00,2.392004043670143965e+00,1.433823749519855806e+00,1.815827887165656795e+00,1.675208219135993160e+00,1.584512232749649696e+00,1.584512232749649696e+00,8.932438798624594556e-01,1.809224876666872595e+00,1.503132450402990816e+00,1.526186629090153346e+00,1.213504490447292694e+00,1.951124866993686258e+00,1.079255620571344831e+00,1.758080710542013980e+00,1.128201453703832069e+00,8.884586447917678376e-01,1.141139543769243092e+00,7.403822039931398091e-01,8.050757946333171322e-01,4.227160926791758144e-01,4.825769554640057524e-01,1.113057810029955075e+00,0.000000000000000000e+00,0.000000000000000000e+00,0.000000000000000000e+00,0.000000000000000000e+00,0.000000000000000000e+00,0.000000000000000000e+00,0.000000000000000000e+00,0.000000000000000000e+00,0.000000000000000000e+00,0.000000000000000000e+00,0.000000000000000000e+00,0.000000000000000000e+00,0.000000000000000000e+00,0.000000000000000000e+00,0.000000000000000000e+00,0.000000000000000000e+00,0.000000000000000000e+00
0.000000000000000000e+00,0.000000000000000000e+00,0.000000000000000000e+00,0.000000000000000000e+00,0.000000000000000000e+00,0.000000000000000000e+00,0.000000000000000000e+00,0.000000000000000000e+00,0.000000000000000000e+00,0.000000000000000000e+00,0.000000000000000000e+00,0.000000000000000000e+00,0.000000000000000000e+00,0.000000000000000000e+00,0.000000000000000000e+00,0.000000000000000000e+00,8.548742973941407808e-01,8.376041095679965798e-01,6.687323132841263007e-01,7.117837497616451570e-01,6.714397315565316937e-01,1.316235029321137562e+00,6.987876981508286400e-01,5.881050131009337711e-01,8.759451427524471701e-01,7.737742474080714361e-01,6.642681456387048433e-01,1.382046780787194340e+00,9.891388490723458382e-01,1.642035779153102171e+00,1.074593609251382365e+00,8.432827814972712055e-01,1.013313321962097779e+00,9.513132716699617131e-01,1.337464626568252601e+00,2.241156941817071591e+00,1.299051804395274123e+00,1.417483877730455921e+00,3.148967348629050367e+00,1.355686215486076263e+00,1.512270033688115189e+00,1.285624912360180838e+00,1.243842102708475039e+01,1.835929302890737747e+00,1.809224876666872595e+00,1.516880613059115701e+00,3.294945967439668610e+00,5.853374600981059217e+00,1.974352543981706232e+00,4.442293223958839299e+00,3.631655774331313591e+00,1.802669714070253226e+00,4.482313883634143181e+00,3.052373258180306692e+00,2.525567721235482122e+00,3.316912273889266682e+00,3.917612921916456159e+00,2.909572170078304154e+00,4.252451633191367542e+00,3.339173430089865668e+00,2.859407132663160933e+00,2.826913869791988443e+00,4.442293223958839299e+00,2.909572170078304154e+00,3.148967348629050367e+00,2.241156941817071591e+00,3.361735412725607830e+00,3.769218493055984887e+00,3.769218493055984887e+00,3.230758708333701268e+00,3.361735412725607830e+00,2.997209886044517546e+00,3.071215068415987126e+00,2.090490928921806546e+00,3.631655774331313591e+00,3.658359125613161567e+00,2.241156941817071591e+00,3.431288559195792676e+00,2.733718907051593039e+00,1.935941015888676731e+00,1.935941015888676731e+00,3.479278608974754938e+00,1.802669714070253226e+00,1.770593740510284730e+00,1.378218396352880681e+00,2.380559048245884934e+00,2.438906083742107711e+00,1.204689687853244484e+00,2.039085414276188502e+00,2.346871891902782892e+00,1.366859453525796519e+00,1.802669714070253226e+00,1.530882587948892315e+00,1.751890285504894340e+00,1.359390276184125446e+00,7.986145121723755569e-01,1.480764407986279618e+00,1.337464626568252601e+00,1.326764909555706584e+00,1.086324980531419016e+00,1.815827887165656795e+00,1.088702059263435329e+00,1.584512232749649696e+00,1.167926857003262819e+00,8.563456817270050925e-01,1.157062421124162688e+00,7.822906306342608529e-01,1.015381308333448862e+00,4.402980894543274126e-01,4.292811398476186202e-01,6.572481388155746451e-01,0.000000000000000000e+00,0.000000000000000000e+00,0.000000000000000000e+00,0.000000000000000000e+00,0.000000000000000000e+00,0.000000000000000000e+00,0.000000000000000000e+00,0.000000000000000000e+00,0.000000000000000000e+00,0.000000000000000000e+00,0.000000000000000000e+00,0.000000000000000000e+00,0.000000000000000000e+00,0.000000000000000000e+00,0.000000000000000000e+00,0.000000000000000000e+00,0.000000000000000000e+00
0.000000000000000000e+00,0.000000000000000000e+00,0.000000000000000000e+00,0.000000000000000000e+00,0.000000000000000000e+00,0.000000000000000000e+00,0.000000000000000000e+00,0.000000000000000000e+00,0.000000000000000000e+00,0.000000000000000000e+00,0.000000000000000000e+00,0.000000000000000000e+00,0.000000000000000000e+00,0.000000000000000000e+00,0.000000000000000000e+00,0.000000000000000000e+00,5.344112149123415589e-01,5.673168085329417520e-01,5.621885209981807296e-01,5.390431647707366603e-01,5.584027397119977199e-01,9.282403751555782234e-01,5.304230715174732547e-01,5.182675427951978220e-01,6.919844799490820764e-01,5.965669557354795760e-01,5.467437814103186522e-01,1.162469254867733559e+00,7.504326411514178341e-01,1.265997051102773607e+00,8.404338531814019575e-01,6.806249536024485680e-01,7.481757008772781381e-01,7.654412939744461575e-01,1.115553455343923694e+00,1.745743302046982359e+00,1.054103476871588896e+00,1.023738356138662375e+00,2.646472558954202192e+00,1.204689687853244484e+00,1.272472739343708303e+00,9.440926775775900781e-01,9.213645205247962267e+00,1.642035779153102171e+00,1.288955546848160605e+00,1.243842102708474950e+00,2.525567721235482122e+00,4.784008087340287929e+00,1.599796916666848867e+00,3.685458082099185351e+00,3.251874778322810577e+00,1.485184600248925069e+00,3.273268691338091507e+00,2.055937359848718948e+00,2.081744104951422258e+00,2.764093561574388680e+00,3.479278608974754938e+00,1.829179562806580783e+00,3.455116951967985628e+00,2.525567721235482122e+00,1.898995576654159967e+00,2.073070171180791288e+00,3.827206469872230343e+00,2.282279087538486184e+00,2.357994507504217907e+00,2.055937359848718948e+00,2.403559618760338079e+00,3.251874778322810577e+00,2.427008980894585388e+00,2.979262521457425095e+00,2.314124842248325375e+00,2.292796502688433158e+00,2.500185131072311329e+00,1.498604943022258773e+00,2.475307667081541929e+00,2.748822326427569074e+00,1.709748594788281562e+00,2.221146611979419649e+00,1.982218490372071429e+00,1.569516848843501622e+00,1.459052319892639060e+00,2.674929253136505203e+00,1.472002488412396337e+00,1.355686215486076263e+00,1.113057810029955075e+00,1.835929302890737747e+00,1.891775061153573967e+00,8.607903824972145124e-01,1.631268331420950624e+00,1.835929302890737747e+00,1.013313321962097779e+00,1.393660619281204216e+00,1.190279524122942467e+00,1.222449240991130281e+00,1.135928860920981665e+00,6.362363696718541517e-01,1.389767712523435561e+00,9.129116350153945181e-01,1.128201453703832069e+00,8.948504336032193640e-01,1.489631260728712547e+00,8.333950436907704429e-01,1.326764909555706584e+00,9.369808683303012531e-01,6.723470825451215438e-01,9.405233290801321422e-01,6.968303096406021080e-01,8.037751875337478813e-01,4.198623131505400674e-01,3.501314856322237934e-01,4.689319897110179047e-01,1.167926857003262819e+00,7.284580396535723645e-01,0.000000000000000000e+00,0.000000000000000000e+00,0.000000000000000000e+00,0.000000000000000000e+00,0.000000000000000000e+00,0.000000000000000000e+00,0.000000000000000000e+00,0.000000000000000000e+00,0.000000000000000000e+00,0.000000000000000000e+00,0.000000000000000000e+00,0.000000000000000000e+00,0.000000000000000000e+00,0.000000000000000000e+00,0.000000000000000000e+00
0.000000000000000000e+00,0.000000000000000000e+00,0.000000000000000000e+00,0.000000000000000000e+00,0.000000000000000000e+00,0.000000000000000000e+00,0.000000000000000000e+00,0.000000000000000000e+00,0.000000000000000000e+00,0.000000000000000000e+00,0.000000000000000000e+00,0.000000000000000000e+00,0.000000000000000000e+00,0.000000000000000000e+00,0.000000000000000000e+00,1.228486027366394895e+00,5.384597847222835076e-01,6.598631844607293351e-01,6.453136719628922435e-01,6.881560734210095953e-01,6.242620339816686847e-01,1.141139543769243092e+00,6.386865739196276870e-01,5.692641202327116678e-01,7.737742474080714361e-01,7.642655008961444230e-01,6.195975605023537058e-01,1.359390276184125446e+00,8.404338531814019575e-01,1.564581261268521706e+00,9.317169308677715200e-01,7.381852241593322983e-01,8.593036978987736996e-01,8.103205880836970021e-01,1.157062421124162688e+00,2.081744104951422258e+00,1.149045822363487179e+00,1.138528240465423336e+00,2.944004976824792674e+00,1.213504490447292694e+00,1.302452463569083729e+00,1.086324980531419016e+00,8.578221397989482355e+00,1.664002812987926294e+00,1.669586715044932834e+00,1.333878930518471728e+00,2.926687300490529609e+00,4.326407313768608098e+00,1.966548778985731216e+00,3.887006570963984498e+00,3.797991153308319934e+00,1.709748594788281562e+00,3.579401734412877456e+00,2.591337713975989665e+00,2.357994507504217907e+00,3.407786582762945216e+00,3.856874737080542292e+00,2.191792251468678288e+00,3.980294728667119752e+00,3.169024465499299392e+00,2.282279087538486184e+00,2.182179127558727671e+00,4.146140342361582576e+00,2.463053668729653367e+00,2.591337713975989665e+00,2.241156941817071591e+00,3.251874778322810577e+00,4.289110698994741178e+00,2.764093561574388680e+00,2.944004976824792674e+00,2.909572170078304154e+00,2.689388330180486175e+00,3.129162522537043412e+00,1.920991664414632760e+00,2.632470058642275124e+00,3.605339428140506453e+00,2.030762616666897724e+00,2.604904927138167459e+00,2.201490447271636786e+00,1.652946315891660856e+00,1.692302180555748103e+00,2.979262521457425095e+00,1.727558475983992814e+00,1.615379354166850634e+00,1.279015015638534702e+00,2.475307667081541929e+00,2.211274849259510678e+00,1.032234110131514448e+00,1.935941015888676731e+00,2.182179127558727671e+00,1.135928860920981665e+00,1.599796916666848867e+00,1.348338322719214055e+00,1.385896493268495844e+00,1.309307476535236603e+00,7.295261599463195301e-01,1.530882587948892315e+00,1.113057810029955075e+00,1.269226635416811133e+00,1.013313321962097779e+00,1.727558475983992814e+00,1.007159597334797541e+00,1.433823749519855806e+00,9.568016174680575858e-01,7.973346812233813585e-01,1.063112908297841885e+00,8.116424813758399415e-01,1.034380126992494597e+00,5.253820919571171588e-01,4.360533225971866544e-01,5.204360262378555646e-01,9.813349922749308174e-01,4.863507732975463904e-01,0.000000000000000000e+00,0.000000000000000000e+00,0.000000000000000000e+00,0.000000000000000000e+00,0.000000000000000000e+00,0.000000000000000000e+00,0.000000000000000000e+00,0.000000000000000000e+00,0.000000000000000000e+00,0.000000000000000000e+00,0.000000000000000000e+00,0.000000000000000000e+00,0.000000000000000000e+00,0.000000000000000000e+00,0.000000000000000000e+00
0.000000000000000000e+00,0.000000000000000000e+00,0.000000000000000000e+00,0.000000000000000000e+00,0.000000000000000000e+00,0.000000000000000000e+00,0.000000000000000000e+00,0.000000000000000000e+00,0.000000000000000000e+00,0.000000000000000000e+00,0.000000000000000000e+00,0.000000000000000000e+00,0.000000000000000000e+00,0.000000000000000000e+00,0.000000000000000000e+00,1.599796916666848867e+00,7.169118747599279029e-01,9.352196260965977004e-01,9.405233290801321422e-01,9.440926775775900781e-01,8.884586447917678376e-01,1.512270033688115189e+00,8.884586447917678376e-01,7.786179046688418426e-01,1.058589023581680832e+00,1.049655782876350196e+00,9.299754038941867584e-01,2.108206953743177792e+00,1.176210026201867542e+00,2.415227383899951175e+00,1.535607534207993563e+00,1.065389381334882035e+00,1.302452463569083729e+00,1.253241413308286978e+00,1.739639304487377469e+00,2.926687300490529609e+00,1.758080710542013980e+00,1.920991664414632760e+00,4.442293223958839299e+00,2.135351249284935360e+00,2.055937359848718948e+00,1.783286168757669987e+00,1.309307476535236603e+01,2.979262521457425095e+00,2.551470979914820525e+00,2.081744104951422258e+00,4.252451633191367542e+00,6.633824547778533365e+00,2.795150792603314560e+00,6.067522452236462804e+00,6.219210513542375196e+00,2.646472558954202192e+00,5.129245784364844241e+00,4.146140342361582576e+00,3.553834579167071350e+00,5.349858506273010406e+00,5.467437814103186078e+00,3.090290938406148769e+00,5.528187123148777360e+00,5.994419772089035092e+00,3.917612921916456159e+00,3.631655774331313591e+00,5.590301585206629120e+00,3.827206469872230343e+00,3.827206469872230343e+00,3.273268691338091507e+00,4.482313883634143181e+00,5.076906541667244532e+00,4.402980894543273571e+00,5.237229906140946412e+00,3.797991153308319934e+00,4.649877019470934236e+00,4.482313883634143181e+00,3.189338724893525434e+00,4.146140342361582576e+00,5.076906541667244532e+00,2.779535425046871122e+00,4.012393879704758248e+00,3.431288559195792676e+00,2.646472558954202192e+00,2.415227383899951175e+00,4.523062191667181153e+00,2.438906083742107711e+00,2.314124842248325375e+00,2.201490447271636786e+00,2.979262521457425095e+00,3.431288559195792676e+00,1.559676617816269539e+00,2.525567721235482122e+00,3.431288559195792676e+00,1.559676617816269539e+00,2.172649961062838031e+00,2.081744104951422258e+00,1.920991664414632760e+00,2.251297923454253169e+00,1.141139543769243092e+00,2.014319194669595081e+00,1.507687397222393866e+00,2.022507484078821083e+00,1.604957551881903033e+00,2.241156941817071591e+00,1.363114633105177997e+00,2.144555349497370589e+00,1.437967748795924594e+00,1.081601828442152025e+00,1.516880613059115701e+00,1.246959501462130193e+00,1.686565562994542411e+00,8.347933575224664171e-01,7.077337711001279175e-01,7.689904808089488286e-01,1.231526834364826684e+00,5.108181119952669436e-01,0.000000000000000000e+00,0.000000000000000000e+00,0.000000000000000000e+00,0.000000000000000000e+00,0.000000000000000000e+00,0.000000000000000000e+00,0.000000000000000000e+00,0.000000000000000000e+00,0.000000000000000000e+00,0.000000000000000000e+00,0.000000000000000000e+00,0.000000000000000000e+00,0.000000000000000000e+00,0.000000000000000000e+00,0.000000000000000000e+00
0.000000000000000000e+00,0.000000000000000000e+00,0.000000000000000000e+00,0.000000000000000000e+00,0.000000000000000000e+00,0.000000000000000000e+00,0.000000000000000000e+00,0.000000000000000000e+00,0.000000000000000000e+00,0.000000000000000000e+00,0.000000000000000000e+00,0.000000000000000000e+00,0.000000000000000000e+00,1.125648961727126585e+00,4.414701340580212685e-01,6.001650676518576200e-01,3.109605256771187376e-01,4.009160685603465057e-01,4.081516333743970271e-01,4.035173082590348126e-01,3.652987085781130294e-01,6.520797392967103701e-01,3.917612921916456825e-01,3.447933756641649028e-01,4.581370544045947901e-01,4.689319897110179047e-01,3.797991153308320489e-01,7.481757008772781381e-01,4.940782930321648281e-01,9.871762719908531158e-01,5.559070850093742466e-01,4.494461075730713517e-01,5.413893809394885182e-01,4.892200993936971498e-01,7.231640132026017076e-01,1.149045822363487179e+00,6.881560734210095953e-01,7.284580396535723645e-01,1.727558475983992814e+00,8.169734664751887587e-01,7.584403065295578505e-01,6.891091981764403407e-01,7.107669158334142701e+00,9.736533093608414902e-01,9.282403751555782234e-01,7.973346812233813585e-01,1.776917289583535675e+00,2.564622892182422120e+00,1.034380126992494597e+00,2.604904927138167459e+00,1.982218490372071429e+00,9.794032304791140398e-01,2.172649961062838031e+00,1.494104627878047875e+00,1.231526834364826684e+00,2.047476712277324751e+00,1.998139924029678438e+00,1.243842102708474950e+00,2.099311565752700393e+00,1.951124866993686258e+00,1.498604943022258773e+00,1.401512228403915428e+00,2.211274849259510678e+00,1.341069652515875843e+00,1.507687397222393866e+00,1.193133911470959152e+00,1.658456136944633341e+00,2.231106910687847389e+00,1.692302180555748103e+00,1.877497513522226047e+00,1.686565562994542411e+00,1.647472983719834305e+00,1.715644279597896338e+00,1.065389381334882035e+00,1.450544726190641232e+00,1.758080710542013980e+00,1.120578470908535795e+00,1.521519391692323975e+00,1.401512228403915428e+00,1.081601828442152025e+00,1.098315322479889611e+00,1.625937389161405289e+00,1.079255620571344831e+00,9.604958322073163801e-01,8.116424813758399415e-01,1.417483877730455921e+00,1.216471494091418082e+00,5.473452597177007606e-01,1.011253742039410541e+00,1.341069652515875843e+00,6.723470825451215438e-01,9.299754038941867584e-01,8.504903266382733973e-01,9.129116350153945181e-01,8.090029936315283887e-01,4.356714895651400687e-01,8.376041095679965798e-01,6.180581876812297759e-01,7.847584244217508109e-01,6.297934697258100734e-01,1.091089563779363836e+00,5.792047044044120740e-01,1.009202517410527244e+00,6.045405116444592108e-01,4.733937593562226320e-01,6.633824547778532921e-01,4.995349810074196095e-01,6.338048930998598784e-01,3.682730133851887522e-01,3.523632019004178106e-01,3.631655774331313813e-01,6.082357470457090409e-01,1.678599328891329234e-01,1.086324980531419016e+00,0.000000000000000000e+00,0.000000000000000000e+00,0.000000000000000000e+00,0.000000000000000000e+00,0.000000000000000000e+00,0.000000000000000000e+00,0.000000000000000000e+00,0.000000000000000000e+00,0.000000000000000000e+00,0.000000000000000000e+00,0.000000000000000000e+00,0.000000000000000000e+00,0.000000000000000000e+00,0.000000000000000000e+00
0.000000000000000000e+00,0.000000000000000000e+00,0.000000000000000000e+00,0.000000000000000000e+00,0.000000000000000000e+00,0.000000000000000000e+00,0.000000000000000000e+00,0.000000000000000000e+00,0.000000000000000000e+00,0.000000000000000000e+00,0.000000000000000000e+00,0.000000000000000000e+00,0.000000000000000000e+00,0.000000000000000000e+00,5.145158646157083071e-01,8.306124225098330260e-01,4.352903246573839868e-01,5.798797681624592304e-01,5.951397620614712336e-01,5.846496369957578931e-01,5.647410227961293661e-01,9.549651460333780095e-01,5.867179729756957229e-01,4.995349810074196095e-01,6.478344284939974163e-01,6.529354869860760635e-01,5.497644652855137037e-01,1.344694165090243088e+00,7.504326411514178341e-01,1.421533831666828451e+00,8.622822202485094234e-01,6.824922374257750279e-01,7.798383089081347697e-01,7.007561142019577138e-01,1.091089563779363836e+00,2.081744104951422258e+00,1.045245464460903273e+00,1.103185900406629560e+00,2.718780552368250891e+00,1.100745223635818393e+00,1.234582732216848555e+00,1.056341488499766390e+00,1.015381308333448906e+01,1.579482035185364897e+00,1.374411163213784537e+00,1.151705650655995283e+00,2.674929253136505203e+00,4.606822602623981133e+00,1.620641176167394004e+00,3.503780571009788680e+00,2.909572170078304154e+00,1.545145469203074384e+00,3.129162522537043412e+00,2.153839138889134031e+00,1.898995576654159967e+00,2.764093561574388680e+00,3.431288559195792676e+00,1.835929302890737747e+00,2.810942604990903870e+00,2.733718907051593039e+00,2.022507484078821083e+00,2.211274849259510678e+00,3.740878504386390802e+00,2.191792251468678288e+00,2.182179127558727671e+00,1.721580764994429025e+00,2.261531095833590577e+00,3.071215068415987126e+00,2.463053668729653367e+00,2.926687300490529609e+00,2.463053668729653367e+00,2.126225816595683771e+00,2.909572170078304154e+00,1.664002812987926294e+00,2.538453270833622266e+00,2.997209886044517546e+00,1.549959006490311264e+00,2.117178047163361665e+00,1.891775061153573967e+00,1.540361737100278683e+00,1.467660298181091338e+00,2.475307667081541929e+00,1.604957551881903033e+00,1.216471494091418082e+00,1.219453041871053856e+00,2.172649961062838031e+00,1.783286168757669987e+00,8.759451427524471701e-01,1.594669362446762717e+00,1.849579334882490489e+00,9.642186842701355731e-01,1.337464626568252601e+00,1.181797722288337349e+00,1.295668856987994833e+00,1.288955546848160605e+00,6.872055816068922685e-01,1.262783860617741061e+00,9.299754038941867584e-01,1.170674920196211666e+00,9.282403751555782234e-01,1.425606994508280545e+00,8.667889217480660990e-01,1.425606994508280545e+00,9.476892211112188935e-01,7.007561142019577138e-01,9.660909535599805364e-01,7.392820818475334121e-01,9.112396356838643463e-01,5.881050131009337711e-01,5.731991256721082895e-01,6.104746516360612940e-01,1.074593609251382365e+00,2.134435182682925536e-01,7.835225843832913650e-01,0.000000000000000000e+00,0.000000000000000000e+00,0.000000000000000000e+00,0.000000000000000000e+00,0.000000000000000000e+00,0.000000000000000000e+00,0.000000000000000000e+00,0.000000000000000000e+00,0.000000000000000000e+00,0.000000000000000000e+00,0.000000000000000000e+00,0.000000000000000000e+00,0.000000000000000000e+00,0.000000000000000000e+00
0.000000000000000000e+00,0.000000000000000000e+00,0.000000000000000000e+00,0.000000000000000000e+00,0.000000000000000000e+00,0.000000000000000000e+00,0.000000000000000000e+00,0.000000000000000000e+00,0.000000000000000000e+00,0.000000000000000000e+00,0.000000000000000000e+00,0.000000000000000000e+00,0.000000000000000000e+00,1.352002285552690308e+00,6.660466413432262200e-01,1.095896125734339144e+00,6.234797507310650966e-01,8.607903824972145124e-01,8.534079606919210415e-01,8.504903266382733973e-01,7.884894470418224444e-01,1.246959501462130193e+00,8.418559070784938925e-01,7.158803468825755134e-01,1.003098469926189562e+00,9.282403751555782234e-01,7.973346812233813585e-01,1.715644279597896338e+00,1.162469254867733559e+00,1.998139924029678438e+00,1.138528240465423336e+00,9.317169308677715200e-01,1.138528240465423336e+00,1.038699041927745315e+00,1.631268331420950624e+00,2.689388330180486175e+00,1.485184600248925069e+00,1.489631260728712547e+00,4.146140342361582576e+00,1.796161881167472663e+00,1.715644279597896338e+00,1.494104627878047875e+00,1.015381308333448906e+01,2.450920399425566387e+00,2.438906083742107711e+00,1.822479271367728693e+00,4.078170828552377003e+00,6.142430136831974252e+00,2.475307667081541929e+00,5.923057631945118473e+00,4.402980894543273571e+00,2.221146611979419649e+00,5.182675427951979330e+00,3.553834579167071350e+00,2.632470058642275124e+00,4.693743783805565783e+00,4.364358255117455343e+00,2.632470058642275124e+00,6.142430136831974252e+00,4.364358255117455343e+00,2.961528815972559237e+00,2.660624818627753463e+00,6.297934697258100734e+00,3.209915103763806066e+00,2.997209886044517546e+00,2.564622892182422120e+00,4.693743783805565783e+00,4.364358255117455343e+00,3.294945967439668610e+00,3.948705087963412463e+00,3.407786582762945216e+00,3.658359125613161567e+00,3.948705087963412463e+00,2.369223052778047567e+00,3.339173430089865668e+00,4.289110698994741178e+00,2.843067663333656903e+00,3.316912273889266682e+00,3.090290938406148769e+00,2.475307667081541929e+00,2.525567721235482122e+00,4.111874719697437897e+00,2.324938509735467118e+00,2.073070171180791288e+00,1.615379354166850634e+00,2.859407132663160933e+00,2.810942604990903870e+00,1.269226635416811133e+00,2.221146611979419649e+00,2.810942604990903870e+00,1.433823749519855806e+00,1.906271421775440622e+00,1.822479271367728693e+00,1.680867706362803915e+00,1.758080710542013980e+00,9.642186842701355731e-01,2.006196939852379124e+00,1.535607534207993563e+00,1.698077955916006632e+00,1.246959501462130193e+00,2.282279087538486184e+00,1.363114633105177997e+00,1.739639304487377469e+00,1.312762113676490650e+00,1.009202517410527244e+00,1.366859453525796519e+00,1.146398251344216579e+00,1.370624906565812484e+00,8.504903266382733973e-01,8.011865395867793227e-01,9.145897814032903916e-01,1.540361737100278683e+00,3.105723102892571363e-01,8.090029936315283887e-01,0.000000000000000000e+00,0.000000000000000000e+00,0.000000000000000000e+00,0.000000000000000000e+00,0.000000000000000000e+00,0.000000000000000000e+00,0.000000000000000000e+00,0.000000000000000000e+00,0.000000000000000000e+00,0.000000000000000000e+00,0.000000000000000000e+00,0.000000000000000000e+00,0.000000000000000000e+00,0.000000000000000000e+00
0.000000000000000000e+00,0.000000000000000000e+00,0.000000000000000000e+00,0.000000000000000000e+00,0.000000000000000000e+00,0.000000000000000000e+00,0.000000000000000000e+00,0.000000000000000000e+00,0.000000000000000000e+00,0.000000000000000000e+00,0.000000000000000000e+00,0.000000000000000000e+00,0.000000000000000000e+00,1.231526834364826684e+00,6.929482466342479219e-01,1.125648961727126585e+00,6.714397315565316937e-01,9.549651460333780095e-01,9.299754038941867584e-01,9.029706734725770900e-01,8.306124225098330260e-01,1.485184600248925069e+00,9.179646514453688733e-01,7.822906306342608529e-01,1.141139543769243092e+00,1.040872052475711129e+00,9.230739166667717432e-01,1.982218490372071429e+00,1.162469254867733559e+00,2.314124842248325375e+00,1.393660619281204216e+00,1.093487562820637304e+00,1.225460199712783194e+00,1.305870973972152127e+00,1.982218490372071429e+00,3.052373258180306692e+00,1.835929302890737747e+00,1.521519391692323975e+00,4.289110698994741178e+00,2.006196939852379124e+00,2.117178047163361665e+00,1.721580764994429025e+00,9.755624334968430844e+00,2.512812328703990072e+00,2.525567721235482122e+00,1.974352543981706232e+00,4.442293223958839299e+00,7.654412939744460687e+00,2.779535425046871122e+00,5.467437814103186078e+00,4.738446105556095134e+00,2.660624818627753463e+00,4.926107337459306734e+00,3.479278608974754938e+00,2.748822326427569074e+00,4.402980894543273571e+00,5.528187123148777360e+00,2.689388330180486175e+00,6.067522452236462804e+00,4.045014968157642166e+00,3.431288559195792676e+00,3.503780571009788680e+00,5.467437814103186078e+00,3.273268691338091507e+00,4.111874719697437897e+00,2.718780552368250891e+00,4.216413907486355583e+00,4.523062191667181153e+00,3.827206469872230343e+00,4.830454767799902349e+00,4.146140342361582576e+00,3.455116951967985628e+00,4.564558175076972368e+00,2.618614953070473206e+00,4.045014968157642166e+00,4.289110698994741178e+00,3.090290938406148769e+00,3.109605256771187598e+00,2.875935497591849188e+00,2.604904927138167459e+00,3.033761226118231402e+00,4.364358255117455343e+00,2.450920399425566387e+00,2.108206953743177792e+00,1.822479271367728693e+00,3.273268691338091507e+00,2.689388330180486175e+00,1.382046780787194340e+00,2.660624818627753463e+00,2.843067663333656903e+00,1.610151589266634264e+00,1.884609246527992443e+00,1.856480750311156447e+00,1.884609246527992443e+00,1.958806460958228080e+00,9.513132716699617131e-01,1.884609246527992443e+00,1.549959006490311264e+00,1.739639304487377469e+00,1.429703566331580467e+00,2.525567721235482122e+00,1.348338322719214055e+00,1.943503285481992249e+00,1.413456934895994221e+00,1.005124931481595763e+00,1.348338322719214055e+00,1.083958259440936711e+00,1.476370448318664597e+00,9.568016174680575858e-01,9.282403751555782234e-01,1.100745223635818393e+00,1.783286168757669987e+00,3.262536662841901136e-01,6.900649668285574467e-01,1.146398251344216579e+00,0.000000000000000000e+00,0.000000000000000000e+00,0.000000000000000000e+00,0.000000000000000000e+00,0.000000000000000000e+00,0.000000000000000000e+00,0.000000000000000000e+00,0.000000000000000000e+00,0.000000000000000000e+00,0.000000000000000000e+00,0.000000000000000000e+00,0.000000000000000000e+00,0.000000000000000000e+00
0.000000000000000000e+00,0.000000000000000000e+00,0.000000000000000000e+00,0.000000000000000000e+00,0.000000000000000000e+00,0.000000000000000000e+00,0.000000000000000000e+00,0.000000000000000000e+00,0.000000000000000000e+00,0.000000000000000000e+00,0.000000000000000000e+00,0.000000000000000000e+00,7.470523139390239376e-01,5.798797681624592304e-01,4.002709904130248852e-01,5.965669557354795760e-01,3.533642337239985554e-01,4.945694245361729191e-01,5.061412422008035872e-01,4.970398012821078404e-01,4.502595846908506450e-01,7.947872860757028146e-01,4.940782930321648281e-01,4.311411101242547117e-01,5.894986268760544768e-01,5.509821052972203592e-01,4.585593005376866205e-01,1.108099868782605801e+00,5.765200939552607151e-01,1.204689687853244484e+00,7.037296196370438350e-01,5.621885209981807296e-01,7.179463796297113065e-01,6.112246204955651407e-01,8.805961789086548253e-01,1.540361737100278683e+00,9.095737496954111601e-01,8.713429791302801375e-01,2.261531095833590577e+00,9.813349922749308174e-01,1.027968679924359474e+00,8.916430843788349936e-01,7.210678856281012905e+00,1.262783860617741061e+00,1.259586939451620147e+00,9.911092451860357144e-01,1.966548778985731216e+00,3.384604361111496207e+00,1.359390276184125446e+00,2.997209886044517546e+00,2.251297923454253169e+00,1.204689687853244484e+00,2.357994507504217907e+00,1.764315039302801091e+00,1.363114633105177997e+00,2.073070171180791288e+00,2.604904927138167459e+00,1.664002812987926294e+00,2.525567721235482122e+00,2.126225816595683771e+00,1.599796916666848867e+00,1.604957551881903033e+00,2.303411301311990567e+00,1.642035779153102171e+00,1.758080710542013980e+00,1.503132450402990816e+00,1.990147364333559876e+00,2.415227383899951175e+00,1.877497513522226047e+00,2.047476712277324751e+00,2.314124842248325375e+00,1.891775061153573967e+00,1.906271421775440622e+00,1.442135771256202847e+00,2.030762616666897724e+00,2.415227383899951175e+00,1.401512228403915428e+00,1.703893291381472608e+00,1.554802628385593799e+00,1.333878930518471728e+00,1.489631260728712547e+00,2.172649961062838031e+00,1.382046780787194340e+00,1.128201453703832069e+00,9.736533093608414902e-01,1.928437368540271146e+00,1.559676617816269539e+00,7.584403065295578505e-01,1.295668856987994833e+00,1.450544726190641232e+00,8.333950436907704429e-01,1.184611526389023783e+00,9.698573900261011627e-01,1.065389381334882035e+00,9.852214674918613468e-01,5.577767276719618472e-01,1.045245464460903273e+00,8.063806176392057656e-01,9.852214674918613468e-01,8.292280684723166706e-01,1.341069652515875843e+00,7.057260157211204810e-01,1.222449240991130281e+00,8.050757946333171322e-01,5.874106742424911598e-01,8.744056961043760179e-01,6.750839092040569200e-01,7.947872860757028146e-01,4.662950713058949814e-01,5.461436235822062502e-01,5.972831225490875529e-01,1.187438761535536846e+00,1.958035580808303588e-01,4.227160926791758144e-01,4.770247757271235955e-01,5.082092350187844554e-01,0.000000000000000000e+00,0.000000000000000000e+00,0.000000000000000000e+00,0.000000000000000000e+00,0.000000000000000000e+00,0.000000000000000000e+00,0.000000000000000000e+00,0.000000000000000000e+00,0.000000000000000000e+00,0.000000000000000000e+00,0.000000000000000000e+00,0.000000000000000000e+00
0.000000000000000000e+00,0.000000000000000000e+00,0.000000000000000000e+00,0.000000000000000000e+00,0.000000000000000000e+00,0.000000000000000000e+00,0.000000000000000000e+00,0.000000000000000000e+00,0.000000000000000000e+00,0.000000000000000000e+00,0.000000000000000000e+00,0.000000000000000000e+00,9.970678178023847371e-01,7.847584244217508109e-01,5.731991256721082895e-01,1.003098469926189562e+00,5.819144340156607864e-01,7.595982306616640978e-01,8.223749439394875127e-01,7.619247183512862787e-01,7.504326411514178341e-01,1.275735489957410262e+00,7.607596958461619874e-01,6.760011427763451541e-01,8.622822202485094234e-01,9.247896674412452445e-01,7.786179046688418426e-01,1.530882587948892315e+00,9.990699620148392190e-01,1.829179562806580783e+00,1.103185900406629560e+00,9.642186842701355731e-01,1.128201453703832069e+00,1.060846143034946509e+00,1.454786085039152077e+00,2.909572170078304154e+00,1.472002488412396337e+00,1.472002488412396337e+00,3.658359125613161567e+00,1.703893291381472608e+00,1.733577843496132198e+00,1.433823749519855806e+00,9.387487567611131567e+00,2.604904927138167459e+00,2.282279087538486184e+00,1.715644279597896338e+00,3.230758708333701268e+00,6.815573165525890431e+00,2.090490928921806546e+00,4.693743783805565783e+00,4.442293223958839299e+00,1.913603234936115172e+00,3.769218493055984887e+00,3.090290938406148769e+00,2.047476712277324751e+00,3.605339428140506453e+00,3.917612921916456159e+00,2.324938509735467118e+00,4.326407313768608098e+00,3.361735412725607830e+00,2.392004043670143965e+00,2.577911093696321210e+00,5.076906541667244532e+00,2.764093561574388680e+00,2.926687300490529609e+00,2.261531095833590577e+00,3.209915103763806066e+00,3.579401734412877456e+00,3.553834579167071350e+00,3.148967348629050367e+00,2.979262521457425095e+00,2.795150792603314560e+00,2.944004976824792674e+00,2.064468220263028897e+00,3.230758708333701268e+00,3.856874737080542292e+00,2.314124842248325375e+00,3.251874778322810577e+00,2.591337713975989665e+00,2.403559618760338079e+00,2.153839138889134031e+00,3.769218493055984887e+00,2.251297923454253169e+00,1.815827887165656795e+00,1.776917289583535675e+00,2.909572170078304154e+00,3.090290938406148769e+00,1.275735489957410262e+00,2.564622892182422120e+00,2.646472558954202192e+00,1.253241413308286978e+00,1.884609246527992443e+00,1.454786085039152077e+00,1.664002812987926294e+00,1.463343650245264804e+00,8.534079606919210415e-01,1.579482035185364897e+00,1.256406164351995036e+00,1.467660298181091338e+00,1.370624906565812484e+00,1.958806460958228080e+00,1.083958259440936711e+00,1.822479271367728693e+00,1.216471494091418082e+00,1.007159597334797541e+00,1.355686215486076263e+00,1.060846143034946509e+00,1.316235029321137562e+00,7.960589457334238395e-01,8.698196522436887346e-01,1.034380126992494597e+00,1.966548778985731216e+00,3.508722433592312839e-01,6.598631844607293351e-01,6.428124561800904191e-01,5.188079677616161955e-01,0.000000000000000000e+00,0.000000000000000000e+00,0.000000000000000000e+00,0.000000000000000000e+00,0.000000000000000000e+00,0.000000000000000000e+00,0.000000000000000000e+00,0.000000000000000000e+00,0.000000000000000000e+00,0.000000000000000000e+00,0.000000000000000000e+00,0.000000000000000000e+00
0.000000000000000000e+00,0.000000000000000000e+00,0.000000000000000000e+00,0.000000000000000000e+00,0.000000000000000000e+00,0.000000000000000000e+00,0.000000000000000000e+00,0.000000000000000000e+00,0.000000000000000000e+00,0.000000000000000000e+00,0.000000000000000000e+00,1.181797722288337349e+00,6.321942072215882558e-01,5.860269035140046601e-01,3.929990845840363178e-01,7.117837497616451570e-01,4.074830803303766680e-01,5.839634285016314097e-01,5.384597847222835076e-01,5.035797986673987703e-01,5.198922059387565131e-01,8.964627767268288361e-01,5.372968046256911823e-01,4.693743783805565117e-01,6.219210513542374752e-01,6.089802216442961047e-01,5.287320309068969104e-01,1.120578470908535795e+00,6.687323132841263007e-01,1.378218396352880681e+00,8.050757946333171322e-01,6.495259021976370617e-01,7.117837497616451570e-01,6.910233903935971700e-01,1.009202517410527244e+00,1.809224876666872595e+00,9.549651460333780095e-01,1.034380126992494597e+00,2.463053668729653367e+00,1.125648961727126585e+00,1.265997051102773607e+00,9.970678178023847371e-01,9.568016174680575858e+00,1.507687397222393866e+00,1.333878930518471728e+00,1.154377821539187776e+00,2.221146611979419649e+00,3.887006570963984498e+00,1.472002488412396337e+00,3.052373258180306692e+00,2.604904927138167459e+00,1.299051804395274123e+00,2.689388330180486175e+00,1.913603234936115172e+00,1.574483674314525183e+00,2.292796502688433158e+00,2.438906083742107711e+00,1.429703566331580467e+00,2.704004571105380617e+00,2.261531095833590577e+00,1.625937389161405289e+00,1.809224876666872595e+00,2.892656052810406830e+00,1.935941015888676731e+00,2.055937359848718948e+00,1.610151589266634264e+00,2.090490928921806546e+00,2.909572170078304154e+00,2.108206953743177792e+00,2.357994507504217907e+00,2.211274849259510678e+00,2.153839138889134031e+00,2.108206953743177792e+00,1.393660619281204216e+00,1.982218490372071429e+00,2.646472558954202192e+00,1.564581261268521706e+00,2.182179127558727671e+00,1.898995576654159967e+00,1.503132450402990816e+00,1.467660298181091338e+00,2.392004043670143965e+00,1.545145469203074384e+00,1.167926857003262819e+00,1.076919569444567015e+00,1.958806460958228080e+00,1.863433861735543040e+00,8.156341657104753118e-01,1.512270033688115189e+00,1.935941015888676731e+00,9.717516427409961244e-01,1.309307476535236603e+00,1.146398251344216579e+00,1.141139543769243092e+00,1.118060317041325691e+00,6.134856240239087155e-01,1.120578470908535795e+00,9.213645205247963377e-01,1.074593609251382365e+00,8.607903824972145124e-01,1.429703566331580467e+00,7.295261599463195301e-01,1.228486027366394895e+00,9.230739166667717432e-01,6.607394967906904393e-01,9.282403751555782234e-01,6.824922374257750279e-01,9.476892211112188935e-01,6.134856240239087155e-01,6.226994256362827773e-01,7.713749474161084585e-01,1.498604943022258773e+00,2.647881006297977402e-01,5.139843399621797371e-01,4.611092132376181096e-01,2.899398840812296152e-01,1.051874928294693312e+00,0.000000000000000000e+00,0.000000000000000000e+00,0.000000000000000000e+00,0.000000000000000000e+00,0.000000000000000000e+00,0.000000000000000000e+00,0.000000000000000000e+00,0.000000000000000000e+00,0.000000000000000000e+00,0.000000000000000000e+00,0.000000000000000000e+00
0.000000000000000000e+00,0.000000000000000000e+00,0.000000000000000000e+00,0.000000000000000000e+00,0.000000000000000000e+00,0.000000000000000000e+00,0.000000000000000000e+00,0.000000000000000000e+00,0.000000000000000000e+00,0.000000000000000000e+00,0.000000000000000000e+00,1.891775061153573967e+00,1.151705650655995283e+00,1.159759536324918461e+00,9.095737496954111601e-01,1.459052319892639060e+00,8.037751875337478813e-01,1.130765547916795288e+00,1.093487562820637304e+00,1.170674920196211666e+00,1.149045822363487179e+00,1.835929302890737747e+00,1.091089563779363836e+00,9.079139435828283977e-01,1.333878930518471728e+00,1.382046780787194340e+00,1.118060317041325691e+00,2.251297923454253169e+00,1.378218396352880681e+00,2.859407132663160933e+00,1.835929302890737747e+00,1.355686215486076263e+00,1.604957551881903033e+00,1.658456136944633341e+00,2.182179127558727671e+00,3.887006570963984498e+00,2.163203656884304049e+00,2.392004043670143965e+00,6.297934697258100734e+00,2.135351249284935360e+00,2.604904927138167459e+00,2.251297923454253169e+00,2.369223052778047389e+01,3.503780571009788680e+00,3.251874778322810577e+00,2.646472558954202192e+00,6.815573165525890431e+00,8.728716510234910686e+00,3.503780571009788680e+00,8.024787759409516497e+00,6.546537382676183014e+00,3.431288559195792676e+00,7.897410175926824927e+00,4.045014968157642166e+00,4.078170828552377003e+00,5.182675427951979330e+00,6.142430136831974252e+00,3.230758708333701268e+00,5.292945117908404384e+00,4.926107337459306734e+00,4.216413907486355583e+00,4.693743783805565783e+00,7.210678856281012905e+00,4.564558175076972368e+00,4.523062191667181153e+00,3.631655774331313591e+00,5.590301585206629120e+00,6.219210513542375196e+00,4.364358255117455343e+00,5.853374600981059217e+00,4.784008087340287929e+00,5.718814265326321866e+00,5.923057631945118473e+00,2.875935497591849188e+00,4.784008087340287929e+00,6.219210513542375196e+00,3.712961500622312894e+00,5.785312105620813661e+00,3.948705087963412463e+00,3.917612921916456159e+00,3.273268691338091507e+00,5.237229906140946412e+00,3.052373258180306692e+00,2.779535425046871122e+00,2.475307667081541929e+00,4.045014968157642166e+00,3.658359125613161567e+00,2.006196939852379124e+00,3.605339428140506453e+00,4.180981857843613092e+00,1.891775061153573967e+00,2.704004571105380617e+00,2.487684205416949901e+00,2.271857721841963329e+00,2.512812328703990072e+00,1.425606994508280545e+00,2.525567721235482122e+00,1.703893291381472608e+00,2.261531095833590577e+00,1.764315039302801091e+00,3.129162522537043412e+00,1.620641176167394004e+00,2.660624818627753463e+00,1.891775061153573967e+00,1.302452463569083729e+00,1.920991664414632760e+00,1.421533831666828451e+00,1.709748594788281562e+00,1.344694165090243088e+00,1.337464626568252601e+00,1.647472983719834305e+00,2.961528815972559237e+00,5.751870995183698820e-01,1.138528240465423336e+00,9.299754038941867584e-01,4.738446105556094468e-01,0.000000000000000000e+00,0.000000000000000000e+00,0.000000000000000000e+00,0.000000000000000000e+00,0.000000000000000000e+00,0.000000000000000000e+00,0.000000000000000000e+00,0.000000000000000000e+00,0.000000000000000000e+00,0.000000000000000000e+00,0.000000000000000000e+00,0.000000000000000000e+00
0.000000000000000000e+00,0.000000000000000000e+00,0.000000000000000000e+00,0.000000000000000000e+00,0.000000000000000000e+00,0.000000000000000000e+00,0.000000000000000000e+00,0.000000000000000000e+00,0.000000000000000000e+00,0.000000000000000000e+00,0.000000000000000000e+00,1.023738356138662375e+00,6.338048930998598784e-01,6.948838562617177805e-01,5.304230715174732547e-01,9.230739166667717432e-01,5.372968046256911823e-01,7.189838743979622970e-01,7.221144282777793855e-01,7.252723630953206158e-01,6.370510129108706288e-01,1.305870973972152127e+00,6.723470825451215438e-01,5.930117295392013377e-01,9.062601841227504451e-01,7.572859072806544800e-01,7.087419388652279606e-01,1.409452807601671243e+00,1.001080163145653845e+00,1.776917289583535675e+00,9.794032304791140398e-01,9.029706734725770900e-01,9.774790591029272058e-01,9.891388490723458382e-01,1.393660619281204216e+00,2.144555349497370589e+00,1.344694165090243088e+00,1.312762113676490650e+00,3.273268691338091507e+00,1.530882587948892315e+00,1.530882587948892315e+00,1.210551924777104604e+00,8.292280684723165152e+00,2.055937359848718948e+00,2.039085414276188502e+00,1.446328026405203415e+00,2.892656052810406830e+00,5.785312105620813661e+00,1.703893291381472608e+00,4.012393879704758248e+00,3.090290938406148769e+00,1.589574572151405629e+00,3.769218493055984887e+00,2.487684205416949901e+00,1.982218490372071429e+00,2.859407132663160933e+00,3.503780571009788680e+00,2.039085414276188502e+00,3.917612921916456159e+00,3.090290938406148769e+00,2.241156941817071591e+00,2.108206953743177792e+00,4.289110698994741178e+00,2.704004571105380617e+00,2.961528815972559237e+00,1.842729041049592675e+00,2.779535425046871122e+00,3.631655774331313591e+00,2.357994507504217907e+00,2.660624818627753463e+00,2.961528815972559237e+00,2.764093561574388680e+00,2.926687300490529609e+00,2.099311565752700393e+00,2.475307667081541929e+00,3.189338724893525434e+00,2.251297923454253169e+00,2.646472558954202192e+00,2.551470979914820525e+00,1.891775061153573967e+00,1.998139924029678438e+00,2.926687300490529609e+00,1.906271421775440622e+00,1.703893291381472608e+00,1.370624906565812484e+00,2.463053668729653367e+00,2.450920399425566387e+00,1.138528240465423336e+00,1.990147364333559876e+00,2.126225816595683771e+00,1.237653833540770965e+00,1.727558475983992814e+00,1.516880613059115701e+00,1.429703566331580467e+00,1.494104627878047875e+00,7.678037671039967815e-01,1.409452807601671243e+00,1.063112908297841885e+00,1.337464626568252601e+00,1.167926857003262819e+00,1.829179562806580783e+00,1.072277674748685294e+00,1.709748594788281562e+00,1.135928860920981665e+00,8.461510902778740517e-01,1.167926857003262819e+00,7.666207104520645910e-01,1.065389381334882035e+00,7.774013141927968995e-01,8.376041095679965798e-01,1.076919569444567015e+00,2.039085414276188502e+00,3.809623591756431393e-01,8.063806176392057656e-01,6.329985255513868037e-01,3.121310169908343424e-01,6.453136719628922435e-01,0.000000000000000000e+00,0.000000000000000000e+00,0.000000000000000000e+00,0.000000000000000000e+00,0.000000000000000000e+00,0.000000000000000000e+00,0.000000000000000000e+00,0.000000000000000000e+00,0.000000000000000000e+00,0.000000000000000000e+00,0.000000000000000000e+00
0.000000000000000000e+00,0.000000000000000000e+00,0.000000000000000000e+00,0.000000000000000000e+00,0.000000000000000000e+00,0.000000000000000000e+00,0.000000000000000000e+00,0.000000000000000000e+00,0.000000000000000000e+00,0.000000000000000000e+00,1.113057810029955075e+00,7.678037671039967815e-01,4.802479161036581901e-01,5.326946906674410176e-01,4.071496244544925980e-01,7.221144282777793855e-01,4.391322516181729307e-01,5.660259853053355439e-01,5.497644652855137037e-01,5.846496369957578931e-01,5.559070850093742466e-01,1.007159597334797541e+00,5.332656388889495114e-01,4.474252168016096820e-01,6.461517416667401648e-01,6.660466413432262200e-01,5.139843399621797371e-01,1.170674920196211666e+00,6.881560734210095953e-01,1.389767712523435561e+00,8.361963715687226184e-01,6.750839092040569200e-01,7.459322954773462966e-01,7.774013141927968995e-01,1.030096979468716256e+00,1.835929302890737747e+00,1.003098469926189562e+00,1.051874928294693312e+00,2.810942604990903870e+00,1.110573305989709825e+00,1.083958259440936711e+00,9.568016174680575858e-01,6.633824547778533365e+00,1.658456136944633341e+00,1.540361737100278683e+00,1.069971701254602170e+00,2.618614953070473206e+00,3.769218493055984887e+00,1.409452807601671243e+00,2.779535425046871122e+00,2.357994507504217907e+00,1.374411163213784537e+00,2.463053668729653367e+00,1.863433861735543040e+00,1.429703566331580467e+00,2.646472558954202192e+00,2.463053668729653367e+00,1.535607534207993563e+00,2.618614953070473206e+00,2.604904927138167459e+00,1.802669714070253226e+00,1.647472983719834305e+00,2.997209886044517546e+00,1.822479271367728693e+00,1.647472983719834305e+00,1.584512232749649696e+00,2.415227383899951175e+00,2.335853714006525639e+00,1.783286168757669987e+00,2.748822326427569074e+00,2.380559048245884934e+00,2.201490447271636786e+00,2.303411301311990567e+00,1.409452807601671243e+00,2.047476712277324751e+00,2.764093561574388680e+00,1.610151589266634264e+00,2.108206953743177792e+00,1.974352543981706232e+00,1.615379354166850634e+00,1.692302180555748103e+00,2.380559048245884934e+00,1.433823749519855806e+00,1.401512228403915428e+00,1.088702059263435329e+00,1.898995576654159967e+00,1.891775061153573967e+00,8.759451427524471701e-01,1.604957551881903033e+00,1.998139924029678438e+00,9.568016174680575858e-01,1.265997051102773607e+00,1.240740252078279315e+00,1.178997253752108954e+00,1.118060317041325691e+00,5.705697718846215460e-01,1.207613691949975587e+00,9.179646514453688733e-01,1.015381308333448862e+00,8.292280684723166706e-01,1.442135771256202847e+00,7.847584244217508109e-01,1.231526834364826684e+00,8.821575196514005457e-01,6.948838562617177805e-01,9.405233290801321422e-01,7.403822039931398091e-01,9.247896674412452445e-01,6.461517416667401648e-01,6.598631844607293351e-01,8.024787759409515164e-01,1.770593740510284730e+00,3.171044238899872192e-01,7.027356512477259676e-01,5.812346274338667795e-01,2.378283179174904283e-01,3.967598413743141372e-01,0.000000000000000000e+00,0.000000000000000000e+00,0.000000000000000000e+00,0.000000000000000000e+00,0.000000000000000000e+00,0.000000000000000000e+00,0.000000000000000000e+00,0.000000000000000000e+00,0.000000000000000000e+00,0.000000000000000000e+00,0.000000000000000000e+00
0.000000000000000000e+00,0.000000000000000000e+00,0.000000000000000000e+00,0.000000000000000000e+00,0.000000000000000000e+00,0.000000000000000000e+00,0.000000000000000000e+00,0.000000000000000000e+00,0.000000000000000000e+00,0.000000000000000000e+00,1.366859453525796519e+00,9.950736821667799381e-01,7.263311548662627626e-01,8.320014064939631471e-01,6.696323567744144611e-01,1.069971701254602170e+00,6.258325045074087933e-01,8.868749395425846727e-01,9.247896674412452445e-01,8.210178895765510854e-01,8.037751875337478813e-01,1.535607534207993563e+00,8.169734664751887587e-01,7.097529830005563367e-01,9.950736821667799381e-01,9.717516427409961244e-01,8.320014064939631471e-01,1.545145469203074384e+00,1.115553455343923694e+00,2.055937359848718948e+00,1.385896493268495844e+00,1.009202517410527244e+00,1.098315322479889611e+00,1.162469254867733559e+00,1.680867706362803915e+00,2.979262521457425095e+00,1.703893291381472608e+00,1.545145469203074384e+00,5.076906541667244532e+00,2.064468220263028897e+00,1.758080710542013980e+00,1.664002812987926294e+00,1.243842102708475039e+01,2.438906083742107711e+00,1.982218490372071429e+00,1.727558475983992814e+00,4.146140342361582576e+00,5.528187123148777360e+00,2.221146611979419649e+00,4.877812167484215422e+00,4.326407313768608098e+00,1.835929302890737747e+00,4.216413907486355583e+00,2.733718907051593039e+00,2.055937359848718948e+00,4.146140342361582576e+00,3.948705087963412463e+00,2.335853714006525639e+00,3.685458082099185351e+00,3.455116951967985628e+00,2.450920399425566387e+00,2.748822326427569074e+00,3.827206469872230343e+00,2.875935497591849188e+00,3.129162522537043412e+00,2.450920399425566387e+00,3.109605256771187598e+00,4.523062191667181153e+00,3.230758708333701268e+00,3.712961500622312894e+00,3.605339428140506453e+00,3.251874778322810577e+00,3.251874778322810577e+00,2.126225816595683771e+00,3.169024465499299392e+00,3.273268691338091507e+00,2.335853714006525639e+00,3.169024465499299392e+00,3.129162522537043412e+00,2.369223052778047567e+00,2.335853714006525639e+00,3.740878504386390802e+00,2.144555349497370589e+00,2.047476712277324751e+00,1.721580764994429025e+00,3.479278608974754938e+00,3.071215068415987126e+00,1.363114633105177997e+00,2.357994507504217907e+00,2.795150792603314560e+00,1.397575396301657280e+00,2.039085414276188502e+00,1.540361737100278683e+00,1.835929302890737747e+00,1.703893291381472608e+00,9.586451658639497664e-01,1.615379354166850634e+00,1.454786085039152077e+00,1.564581261268521706e+00,1.316235029321137562e+00,2.064468220263028897e+00,1.159759536324918461e+00,1.770593740510284730e+00,1.288955546848160605e+00,9.660909535599805364e-01,1.507687397222393866e+00,1.130765547916795288e+00,1.409452807601671243e+00,8.805961789086548253e-01,1.021636223990533887e+00,1.157062421124162688e+00,2.843067663333656903e+00,5.046012587052636222e-01,1.030096979468716256e+00,9.145897814032903916e-01,3.576828476516102917e-01,4.733937593562226320e-01,0.000000000000000000e+00,0.000000000000000000e+00,0.000000000000000000e+00,0.000000000000000000e+00,0.000000000000000000e+00,0.000000000000000000e+00,0.000000000000000000e+00,0.000000000000000000e+00,0.000000000000000000e+00,0.000000000000000000e+00,0.000000000000000000e+00
0.000000000000000000e+00,0.000000000000000000e+00,0.000000000000000000e+00,0.000000000000000000e+00,0.000000000000000000e+00,0.000000000000000000e+00,0.000000000000000000e+00,0.000000000000000000e+00,0.000000000000000000e+00,0.000000000000000000e+00,1.401512228403915428e+00,1.225460199712783194e+00,8.698196522436887346e-01,9.871762719908531158e-01,8.361963715687226184e-01,1.299051804395274123e+00,7.909965677001430384e-01,9.990699620148392190e-01,1.049655782876350196e+00,1.040872052475711129e+00,1.007159597334797541e+00,1.652946315891660856e+00,1.007159597334797541e+00,8.932438798624594556e-01,1.262783860617741061e+00,1.088702059263435329e+00,9.950736821667799381e-01,1.943503285481992249e+00,1.288955546848160605e+00,2.463053668729653367e+00,1.480764407986279618e+00,1.250092565536155664e+00,1.574483674314525183e+00,1.631268331420950624e+00,1.990147364333559876e+00,3.856874737080542292e+00,1.990147364333559876e+00,2.369223052778047567e+00,5.467437814103186078e+00,2.241156941817071591e+00,2.463053668729653367e+00,1.990147364333559876e+00,1.275735489957410174e+01,3.129162522537043412e+00,3.361735412725607830e+00,2.211274849259510678e+00,4.442293223958839299e+00,7.538436986111969773e+00,2.909572170078304154e+00,7.425923001244625787e+00,4.784008087340287929e+00,2.551470979914820525e+00,5.182675427951979330e+00,3.769218493055984887e+00,2.979262521457425095e+00,4.926107337459306734e+00,4.738446105556095134e+00,2.604904927138167459e+00,4.402980894543273571e+00,4.482313883634143181e+00,3.384604361111496207e+00,3.294945967439668610e+00,4.784008087340287929e+00,3.339173430089865668e+00,4.045014968157642166e+00,2.997209886044517546e+00,4.442293223958839299e+00,4.738446105556095134e+00,4.693743783805565783e+00,4.649877019470934236e+00,3.827206469872230343e+00,4.216413907486355583e+00,4.078170828552377003e+00,2.660624818627753463e+00,4.045014968157642166e+00,4.975368410833899802e+00,3.384604361111496207e+00,3.631655774331313591e+00,3.294945967439668610e+00,2.748822326427569074e+00,2.718780552368250891e+00,4.326407313768608098e+00,2.450920399425566387e+00,2.251297923454253169e+00,2.335853714006525639e+00,4.078170828552377003e+00,4.045014968157642166e+00,1.669586715044932834e+00,3.479278608974754938e+00,3.090290938406148769e+00,1.658456136944633341e+00,2.909572170078304154e+00,1.998139924029678438e+00,2.292796502688433158e+00,2.182179127558727671e+00,1.011253742039410541e+00,2.144555349497370589e+00,1.715644279597896338e+00,1.877497513522226047e+00,1.559676617816269539e+00,2.646472558954202192e+00,1.454786085039152077e+00,2.108206953743177792e+00,1.564581261268521706e+00,1.130765547916795288e+00,1.739639304487377469e+00,1.355686215486076263e+00,1.789700867206438728e+00,1.184611526389023783e+00,1.133341323652368837e+00,1.446328026405203415e+00,2.674929253136505203e+00,6.862577118391585129e-01,1.282311446091211060e+00,1.237653833540770965e+00,4.527177807856141434e-01,4.892200993936971498e-01,1.123107993416230244e+00,0.000000000000000000e+00,0.000000000000000000e+00,0.000000000000000000e+00,0.000000000000000000e+00,0.000000000000000000e+00,0.000000000000000000e+00,0.000000000000000000e+00,0.000000000000000000e+00,0.000000000000000000e+00,0.000000000000000000e+00
0.000000000000000000e+00,0.000000000000000000e+00,0.000000000000000000e+00,0.000000000000000000e+00,0.000000000000000000e+00,0.000000000000000000e+00,0.000000000000000000e+00,0.000000000000000000e+00,0.000000000000000000e+00,9.698573900261011627e-01,6.815573165525889987e-01,5.503726118179091964e-01,4.552029653095974182e-01,4.797848033591031736e-01,4.234356094326723330e-01,7.425923001244625343e-01,4.180981857843613092e-01,5.908988611441686745e-01,5.628244808635632923e-01,5.215270870895073463e-01,5.215270870895073463e-01,9.586451658639497664e-01,5.198922059387565131e-01,4.821093421350677866e-01,6.563810568382453248e-01,6.362363696718541517e-01,5.166530021634371250e-01,1.065389381334882035e+00,6.824922374257750279e-01,1.225460199712783194e+00,8.183171728345228768e-01,6.195975605023537058e-01,7.284580396535723645e-01,6.919844799490820764e-01,1.011253742039410541e+00,1.604957551881903033e+00,9.423046232639962216e-01,1.069971701254602170e+00,2.674929253136505203e+00,1.103185900406629560e+00,1.133341323652368837e+00,9.494977883270799834e-01,6.219210513542375196e+00,1.393660619281204216e+00,1.348338322719214055e+00,1.103185900406629560e+00,1.974352543981706232e+00,3.109605256771187598e+00,1.302452463569083729e+00,3.071215068415987126e+00,2.487684205416949901e+00,1.216471494091418082e+00,2.795150792603314560e+00,1.584512232749649696e+00,1.378218396352880681e+00,2.172649961062838031e+00,2.357994507504217907e+00,1.421533831666828451e+00,2.475307667081541929e+00,2.144555349497370589e+00,1.476370448318664597e+00,1.703893291381472608e+00,2.551470979914820525e+00,1.943503285481992249e+00,1.928437368540271146e+00,1.579482035185364897e+00,2.022507484078821083e+00,2.487684205416949901e+00,2.231106910687847389e+00,2.392004043670143965e+00,1.935941015888676731e+00,2.030762616666897724e+00,2.047476712277324751e+00,1.262783860617741061e+00,2.172649961062838031e+00,2.564622892182422120e+00,1.417483877730455921e+00,1.822479271367728693e+00,1.652946315891660856e+00,1.333878930518471728e+00,1.433823749519855806e+00,2.346871891902782892e+00,1.401512228403915428e+00,1.285624912360180838e+00,1.058589023581680832e+00,1.829179562806580783e+00,1.652946315891660856e+00,8.156341657104753118e-01,1.397575396301657280e+00,1.849579334882490489e+00,8.607903824972145124e-01,1.269226635416811133e+00,9.970678178023847371e-01,1.110573305989709825e+00,1.063112908297841885e+00,6.127300998563915968e-01,1.067675624642467680e+00,8.490389779580033158e-01,9.604958322073163801e-01,8.129686945807026444e-01,1.299051804395274123e+00,7.689904808089488286e-01,1.237653833540770965e+00,8.948504336032193640e-01,6.428124561800904191e-01,9.387487567611130235e-01,7.037296196370438350e-01,8.593036978987736996e-01,5.666706618261844186e-01,6.104746516360612940e-01,7.986145121723755569e-01,1.559676617816269539e+00,3.481713373571658221e-01,7.725727346015371921e-01,7.210678856281014237e-01,2.663473453337205088e-01,2.745788306199724027e-01,5.066566609810488897e-01,0.000000000000000000e+00,0.000000000000000000e+00,0.000000000000000000e+00,0.000000000000000000e+00,0.000000000000000000e+00,0.000000000000000000e+00,0.000000000000000000e+00,0.000000000000000000e+00,0.000000000000000000e+00,0.000000000000000000e+00
0.000000000000000000e+00,0.000000000000000000e+00,0.000000000000000000e+00,0.000000000000000000e+00,0.000000000000000000e+00,0.000000000000000000e+00,0.000000000000000000e+00,0.000000000000000000e+00,0.000000000000000000e+00,1.013313321962097779e+00,8.461510902778740517e-01,7.414856051913412127e-01,6.188269167703854823e-01,6.881560734210095953e-01,5.874106742424911598e-01,1.013313321962097779e+00,5.692641202327116678e-01,8.063806176392057656e-01,7.607596958461619874e-01,8.076896770834253170e-01,7.381852241593322983e-01,1.316235029321137562e+00,7.947872860757028146e-01,6.503749556645620489e-01,8.916430843788349936e-01,9.013348570351266131e-01,7.515662252014954081e-01,1.664002812987926294e+00,1.003098469926189562e+00,2.135351249284935360e+00,1.162469254867733559e+00,8.713429791302801375e-01,1.001080163145653845e+00,9.317169308677715200e-01,1.604957551881903033e+00,2.303411301311990567e+00,1.530882587948892315e+00,1.494104627878047875e+00,3.769218493055984887e+00,1.652946315891660856e+00,1.856480750311156447e+00,1.323236279477101096e+00,9.950736821667799603e+00,2.014319194669595081e+00,2.014319194669595081e+00,1.446328026405203415e+00,3.169024465499299392e+00,4.877812167484215422e+00,1.758080710542013980e+00,3.917612921916456159e+00,3.251874778322810577e+00,1.815827887165656795e+00,2.944004976824792674e+00,2.463053668729653367e+00,2.073070171180791288e+00,3.251874778322810577e+00,3.273268691338091507e+00,1.935941015888676731e+00,3.479278608974754938e+00,2.843067663333656903e+00,2.292796502688433158e+00,2.500185131072311329e+00,4.402980894543273571e+00,2.500185131072311329e+00,2.564622892182422120e+00,2.261531095833590577e+00,3.090290938406148769e+00,3.658359125613161567e+00,3.129162522537043412e+00,3.579401734412877456e+00,2.826913869791988443e+00,3.129162522537043412e+00,2.997209886044517546e+00,1.998139924029678438e+00,2.618614953070473206e+00,3.033761226118231402e+00,2.231106910687847389e+00,2.892656052810406830e+00,2.314124842248325375e+00,1.776917289583535675e+00,1.974352543981706232e+00,3.209915103763806066e+00,1.809224876666872595e+00,1.642035779153102171e+00,1.549959006490311264e+00,2.892656052810406830e+00,2.463053668729653367e+00,1.165191665300679080e+00,2.292796502688433158e+00,2.392004043670143965e+00,1.269226635416811133e+00,1.842729041049592675e+00,1.620641176167394004e+00,1.489631260728712547e+00,1.631268331420950624e+00,8.320014064939631471e-01,1.549959006490311264e+00,1.173435945951391446e+00,1.417483877730455921e+00,1.159759536324918461e+00,1.943503285481992249e+00,1.034380126992494597e+00,1.802669714070253226e+00,1.065389381334882035e+00,9.282403751555782234e-01,1.370624906565812484e+00,9.623536578015280396e-01,1.348338322719214055e+00,8.292280684723166706e-01,8.980809405837363313e-01,1.095896125734339144e+00,2.090490928921806546e+00,4.667324963258817627e-01,1.123107993416230244e+00,1.001080163145653845e+00,3.757831126007477041e-01,3.613194198136455704e-01,5.860269035140046601e-01,0.000000000000000000e+00,0.000000000000000000e+00,0.000000000000000000e+00,0.000000000000000000e+00,0.000000000000000000e+00,0.000000000000000000e+00,0.000000000000000000e+00,0.000000000000000000e+00,0.000000000000000000e+00,0.000000000000000000e+00
0.000000000000000000e+00,0.000000000000000000e+00,0.000000000000000000e+00,0.000000000000000000e+00,0.000000000000000000e+00,0.000000000000000000e+00,0.000000000000000000e+00,0.000000000000000000e+00,0.000000000000000000e+00,8.103205880836970021e-01,6.958557217949509210e-01,6.512262317845418647e-01,5.372968046256911823e-01,6.234797507310650966e-01,5.046012587052636222e-01,8.578221397989481689e-01,5.304230715174732547e-01,6.723470825451215438e-01,6.834297267628982597e-01,6.678346860179731337e-01,6.469919910057086998e-01,1.275735489957410262e+00,6.329985255513868037e-01,5.686135326667314249e-01,8.210178895765510854e-01,7.381852241593322983e-01,6.266207066541434889e-01,1.467660298181091338e+00,8.210178895765510854e-01,1.540361737100278683e+00,9.458875305767869834e-01,7.619247183512862787e-01,8.868749395425846727e-01,8.774900195474250042e-01,1.378218396352880681e+00,2.014319194669595081e+00,1.282311446091211060e+00,1.243842102708474950e+00,3.431288559195792676e+00,1.454786085039152077e+00,1.363114633105177997e+00,1.141139543769243092e+00,7.654412939744460687e+00,1.809224876666872595e+00,1.476370448318664597e+00,1.157062421124162688e+00,2.512812328703990072e+00,4.830454767799902349e+00,1.516880613059115701e+00,3.631655774331313591e+00,2.892656052810406830e+00,1.494104627878047875e+00,2.909572170078304154e+00,2.099311565752700393e+00,1.935941015888676731e+00,2.979262521457425095e+00,2.961528815972559237e+00,1.758080710542013980e+00,3.273268691338091507e+00,2.201490447271636786e+00,1.928437368540271146e+00,2.117178047163361665e+00,3.605339428140506453e+00,2.500185131072311329e+00,2.415227383899951175e+00,1.943503285481992249e+00,3.273268691338091507e+00,3.685458082099185351e+00,2.261531095833590577e+00,2.618614953070473206e+00,2.450920399425566387e+00,2.172649961062838031e+00,2.463053668729653367e+00,1.599796916666848867e+00,2.241156941817071591e+00,3.209915103763806066e+00,1.709748594788281562e+00,2.172649961062838031e+00,2.163203656884304049e+00,1.680867706362803915e+00,1.709748594788281562e+00,3.407786582762945216e+00,1.647472983719834305e+00,1.584512232749649696e+00,1.279015015638534702e+00,2.153839138889134031e+00,2.251297923454253169e+00,1.165191665300679080e+00,1.943503285481992249e+00,2.144555349497370589e+00,1.162469254867733559e+00,1.594669362446762717e+00,1.535607534207993563e+00,1.285624912360180838e+00,1.333878930518471728e+00,6.939147016504741972e-01,1.476370448318664597e+00,9.891388490723458382e-01,1.213504490447292694e+00,1.056341488499766390e+00,1.669586715044932834e+00,9.494977883270799834e-01,1.584512232749649696e+00,1.036535085590395644e+00,8.063806176392057656e-01,1.049655782876350196e+00,8.404338531814019575e-01,1.108099868782605801e+00,7.252723630953206158e-01,7.935196827486282745e-01,1.015381308333448862e+00,2.014319194669595081e+00,4.356714895651400687e-01,9.852214674918613468e-01,8.447145009904754032e-01,3.587143771329415753e-01,3.133103533270717445e-01,4.450240081246779611e-01,1.228486027366394895e+00,0.000000000000000000e+00,0.000000000000000000e+00,0.000000000000000000e+00,0.000000000000000000e+00,0.000000000000000000e+00,0.000000000000000000e+00,0.000000000000000000e+00,0.000000000000000000e+00,0.000000000000000000e+00
0.000000000000000000e+00,0.000000000000000000e+00,0.000000000000000000e+00,0.000000000000000000e+00,0.000000000000000000e+00,0.000000000000000000e+00,0.000000000000000000e+00,0.000000000000000000e+00,0.000000000000000000e+00,7.897410175926824483e-01,7.392820818475334121e-01,7.210678856281014237e-01,5.965669557354795760e-01,7.097529830005563367e-01,5.204360262378555646e-01,9.440926775775900781e-01,5.304230715174732547e-01,7.630933145450766730e-01,7.077337711001279175e-01,7.057260157211204810e-01,6.760011427763451541e-01,1.154377821539187776e+00,6.633824547778532921e-01,6.134856240239087155e-01,8.852968702551423652e-01,8.504903266382733973e-01,7.077337711001279175e-01,1.442135771256202847e+00,9.129116350153945181e-01,1.802669714070253226e+00,1.030096979468716256e+00,7.935196827486282745e-01,9.660909535599805364e-01,9.494977883270799834e-01,1.385896493268495844e+00,2.335853714006525639e+00,1.295668856987994833e+00,1.397575396301657280e+00,3.209915103763806066e+00,1.535607534207993563e+00,1.545145469203074384e+00,1.120578470908535795e+00,9.950736821667799603e+00,1.829179562806580783e+00,1.835929302890737747e+00,1.385896493268495844e+00,3.033761226118231402e+00,4.564558175076972368e+00,1.669586715044932834e+00,3.294945967439668610e+00,3.455116951967985628e+00,1.594669362446762717e+00,3.169024465499299392e+00,2.261531095833590577e+00,1.998139924029678438e+00,3.479278608974754938e+00,2.926687300490529609e+00,1.664002812987926294e+00,3.479278608974754938e+00,2.718780552368250891e+00,1.943503285481992249e+00,2.241156941817071591e+00,4.216413907486355583e+00,2.875935497591849188e+00,2.733718907051593039e+00,2.335853714006525639e+00,3.129162522537043412e+00,4.442293223958839299e+00,3.071215068415987126e+00,3.339173430089865668e+00,2.718780552368250891e+00,2.689388330180486175e+00,2.438906083742107711e+00,1.715644279597896338e+00,2.335853714006525639e+00,2.909572170078304154e+00,1.990147364333559876e+00,2.500185131072311329e+00,2.221146611979419649e+00,1.745743302046982359e+00,1.906271421775440622e+00,2.961528815972559237e+00,1.835929302890737747e+00,1.842729041049592675e+00,1.393660619281204216e+00,2.591337713975989665e+00,2.632470058642275124e+00,1.113057810029955075e+00,2.099311565752700393e+00,2.463053668729653367e+00,1.170674920196211666e+00,1.809224876666872595e+00,1.421533831666828451e+00,1.370624906565812484e+00,1.467660298181091338e+00,7.737742474080714361e-01,1.535607534207993563e+00,1.067675624642467680e+00,1.237653833540770965e+00,1.007159597334797541e+00,1.842729041049592675e+00,1.040872052475711129e+00,1.751890285504894340e+00,1.176210026201867542e+00,8.652814627537216419e-01,1.210551924777104604e+00,9.604958322073163801e-01,1.088702059263435329e+00,8.593036978987736996e-01,8.790403552710069901e-01,1.100745223635818393e+00,2.090490928921806546e+00,4.494461075730713517e-01,1.165191665300679080e+00,9.891388490723458382e-01,3.917612921916456825e-01,3.780675084220287974e-01,4.267039803459605207e-01,1.091089563779363836e+00,0.000000000000000000e+00,0.000000000000000000e+00,0.000000000000000000e+00,0.000000000000000000e+00,0.000000000000000000e+00,0.000000000000000000e+00,0.000000000000000000e+00,0.000000000000000000e+00,0.000000000000000000e+00
0.000000000000000000e+00,0.000000000000000000e+00,0.000000000000000000e+00,0.000000000000000000e+00,0.000000000000000000e+00,0.000000000000000000e+00,0.000000000000000000e+00,0.000000000000000000e+00,0.000000000000000000e+00,6.563810568382453248e-01,6.321942072215882558e-01,6.219210513542374752e-01,4.747488941635399917e-01,6.060132047300730296e-01,4.474252168016096820e-01,9.129116350153945181e-01,4.399087896404862419e-01,6.313919303088705304e-01,6.378677449787051312e-01,6.503749556645620489e-01,5.881050131009337711e-01,1.103185900406629560e+00,5.980010109175359911e-01,5.264940117284550025e-01,6.872055816068922685e-01,6.796951380920627228e-01,5.951397620614712336e-01,1.330312409313876731e+00,8.292280684723166706e-01,1.545145469203074384e+00,8.759451427524471701e-01,7.158803468825755134e-01,7.822906306342608529e-01,8.129686945807026444e-01,1.231526834364826684e+00,1.891775061153573967e+00,1.178997253752108954e+00,1.167926857003262819e+00,2.843067663333656903e+00,1.246959501462130193e+00,1.181797722288337349e+00,9.299754038941867584e-01,9.568016174680575858e+00,1.498604943022258773e+00,1.389767712523435561e+00,1.123107993416230244e+00,2.748822326427569074e+00,4.364358255117455343e+00,1.348338322719214055e+00,3.129162522537043412e+00,2.674929253136505203e+00,1.425606994508280545e+00,2.403559618760338079e+00,1.898995576654159967e+00,1.446328026405203415e+00,2.369223052778047567e+00,2.859407132663160933e+00,1.489631260728712547e+00,2.875935497591849188e+00,2.500185131072311329e+00,1.884609246527992443e+00,2.135351249284935360e+00,3.479278608974754938e+00,2.172649961062838031e+00,2.512812328703990072e+00,2.303411301311990567e+00,3.071215068415987126e+00,3.769218493055984887e+00,2.438906083742107711e+00,2.369223052778047567e+00,2.335853714006525639e+00,1.998139924029678438e+00,2.191792251468678288e+00,1.389767712523435561e+00,2.055937359848718948e+00,2.810942604990903870e+00,1.647472983719834305e+00,1.809224876666872595e+00,1.758080710542013980e+00,1.516880613059115701e+00,1.642035779153102171e+00,2.475307667081541929e+00,1.385896493268495844e+00,1.309307476535236603e+00,1.269226635416811133e+00,2.163203656884304049e+00,2.450920399425566387e+00,9.029706734725770900e-01,1.884609246527992443e+00,2.039085414276188502e+00,1.154377821539187776e+00,1.507687397222393866e+00,1.355686215486076263e+00,1.326764909555706584e+00,1.225460199712783194e+00,6.806249536024485680e-01,1.204689687853244484e+00,9.586451658639497664e-01,1.074593609251382365e+00,9.129116350153945181e-01,1.658456136944633341e+00,8.306124225098330260e-01,1.489631260728712547e+00,9.387487567611130235e-01,7.148517831657902333e-01,1.003098469926189562e+00,7.947872860757028146e-01,1.003098469926189562e+00,6.778431077430381313e-01,7.284580396535723645e-01,9.717516427409961244e-01,1.966548778985731216e+00,4.105089447882755427e-01,1.007159597334797541e+00,9.369808683303012531e-01,3.652987085781130294e-01,3.234959955028543499e-01,3.650306977867864844e-01,7.200243720454269081e-01,8.900480162493559222e-01,0.000000000000000000e+00,0.000000000000000000e+00,0.000000000000000000e+00,0.000000000000000000e+00,0.000000000000000000e+00,0.000000000000000000e+00,0.000000000000000000e+00,0.000000000000000000e+00
0.000000000000000000e+00,0.000000000000000000e+00,0.000000000000000000e+00,0.000000000000000000e+00,0.000000000000000000e+00,0.000000000000000000e+00,0.000000000000000000e+00,0.000000000000000000e+00,0.000000000000000000e+00,7.381852241593322983e-01,7.654412939744461575e-01,7.701808685501393414e-01,6.469919910057086998e-01,7.097529830005563367e-01,5.901979135034282065e-01,1.047445981228189327e+00,5.758528253279976417e-01,8.237364918599171526e-01,8.461510902778740517e-01,7.847584244217508109e-01,7.835225843832913650e-01,1.262783860617741061e+00,7.607596958461619874e-01,7.057260157211204810e-01,9.717516427409961244e-01,9.369808683303012531e-01,7.295261599463195301e-01,1.703893291381472608e+00,1.054103476871588896e+00,1.966548778985731216e+00,1.262783860617741061e+00,9.196614437770608275e-01,1.079255620571344831e+00,1.095896125734339144e+00,1.610151589266634264e+00,2.211274849259510678e+00,1.545145469203074384e+00,1.686565562994542411e+00,4.111874719697437897e+00,1.664002812987926294e+00,1.554802628385593799e+00,1.198883954417807152e+00,1.105637424629755472e+01,1.809224876666872595e+00,1.802669714070253226e+00,1.549959006490311264e+00,3.361735412725607830e+00,4.326407313768608098e+00,2.006196939852379124e+00,3.769218493055984887e+00,3.316912273889266682e+00,1.739639304487377469e+00,3.273268691338091507e+00,2.779535425046871122e+00,1.990147364333559876e+00,3.090290938406148769e+00,3.685458082099185351e+00,2.047476712277324751e+00,3.528630078605602183e+00,3.407786582762945216e+00,2.487684205416949901e+00,2.660624818627753463e+00,4.877812167484215422e+00,3.071215068415987126e+00,3.797991153308319934e+00,3.148967348629050367e+00,4.326407313768608098e+00,4.975368410833899802e+00,3.384604361111496207e+00,3.658359125613161567e+00,2.926687300490529609e+00,3.052373258180306692e+00,3.361735412725607830e+00,1.913603234936115172e+00,2.660624818627753463e+00,3.503780571009788680e+00,2.126225816595683771e+00,2.438906083742107711e+00,2.512812328703990072e+00,1.884609246527992443e+00,1.974352543981706232e+00,3.129162522537043412e+00,2.039085414276188502e+00,1.877497513522226047e+00,1.574483674314525183e+00,2.718780552368250891e+00,2.415227383899951175e+00,1.275735489957410262e+00,2.324938509735467118e+00,2.748822326427569074e+00,1.530882587948892315e+00,2.006196939852379124e+00,1.721580764994429025e+00,1.698077955916006632e+00,1.698077955916006632e+00,8.652814627537216419e-01,1.620641176167394004e+00,1.231526834364826684e+00,1.370624906565812484e+00,1.110573305989709825e+00,1.935941015888676731e+00,1.074593609251382365e+00,1.822479271367728693e+00,1.250092565536155664e+00,8.821575196514005457e-01,1.442135771256202847e+00,1.047445981228189327e+00,1.256406164351995036e+00,8.698196522436887346e-01,9.423046232639962216e-01,1.253241413308286978e+00,2.438906083742107711e+00,5.461436235822062502e-01,1.240740252078279315e+00,1.157062421124162688e+00,4.955546225930178572e-01,4.349098261218443673e-01,4.742963213378360021e-01,8.593036978987736996e-01,8.837244068976730649e-01,0.000000000000000000e+00,0.000000000000000000e+00,0.000000000000000000e+00,0.000000000000000000e+00,0.000000000000000000e+00,0.000000000000000000e+00,0.000000000000000000e+00,0.000000000000000000e+00
0.000000000000000000e+00,0.000000000000000000e+00,0.000000000000000000e+00,0.000000000000000000e+00,0.000000000000000000e+00,0.000000000000000000e+00,0.000000000000000000e+00,0.000000000000000000e+00,0.000000000000000000e+00,1.802669714070253226e+00,1.829179562806580783e+00,2.064468220263028897e+00,1.675208219135993160e+00,1.842729041049592675e+00,1.454786085039152077e+00,2.577911093696321210e+00,1.489631260728712547e+00,2.090490928921806546e+00,2.392004043670143965e+00,2.182179127558727671e+00,2.081744104951422258e+00,3.553834579167071350e+00,2.081744104951422258e+00,1.789700867206438728e+00,2.909572170078304154e+00,2.689388330180486175e+00,2.512812328703990072e+00,4.738446105556095134e+00,2.551470979914820525e+00,5.129245784364844241e+00,3.251874778322810577e+00,2.944004976824792674e+00,3.455116951967985628e+00,3.631655774331313591e+00,4.252451633191367542e+00,9.046124383334362307e+00,4.649877019470934236e+00,4.693743783805565783e+00,1.130765547916795377e+01,5.076906541667244532e+00,5.182675427951979330e+00,3.856874737080542292e+00,3.316912273889266061e+01,7.654412939744460687e+00,5.923057631945118473e+00,5.076906541667244532e+00,1.105637424629755472e+01,1.913603234936115172e+01,6.461517416667402536e+00,1.081601828442152247e+01,9.213645205247962267e+00,7.107669158334142701e+00,1.213504490447292561e+01,6.723470825451215660e+00,6.910233903935971256e+00,9.046124383334362307e+00,1.243842102708475039e+01,6.723470825451215660e+00,1.421533831666828540e+01,1.105637424629755472e+01,9.755624334968430844e+00,1.130765547916795377e+01,2.487684205416950078e+01,1.243842102708475039e+01,1.382046780787194251e+01,1.184611526389023695e+01,2.073070171180791732e+01,2.261531095833590754e+01,1.776917289583535720e+01,1.015381308333448906e+01,8.432827814972711167e+00,9.755624334968430844e+00,9.568016174680575858e+00,7.107669158334142701e+00,8.884586447917678598e+00,1.036535085590395866e+01,6.815573165525890431e+00,6.378677449787050868e+00,8.884586447917678598e+00,7.425923001244625787e+00,6.142430136831974252e+00,1.309307476535236603e+01,5.653827739583976886e+00,5.292945117908404384e+00,6.461517416667402536e+00,1.015381308333448906e+01,7.107669158334142701e+00,4.738446105556095134e+00,6.067522452236462804e+00,8.156341657104754006e+00,4.252451633191367542e+00,5.590301585206629120e+00,4.926107337459306734e+00,4.216413907486355583e+00,4.180981857843613092e+00,2.795150792603314560e+00,4.326407313768608098e+00,3.251874778322810577e+00,3.455116951967985628e+00,3.384604361111496207e+00,5.349858506273010406e+00,2.997209886044517546e+00,5.025624657407980145e+00,2.892656052810406830e+00,2.512812328703990072e+00,3.316912273889266682e+00,2.909572170078304154e+00,3.169024465499299392e+00,2.718780552368250891e+00,2.324938509735467118e+00,2.979262521457425095e+00,5.408009142210761233e+00,1.413456934895994221e+00,2.997209886044517546e+00,2.660624818627753463e+00,1.201779809380169040e+00,1.103185900406629560e+00,9.458875305767869834e-01,0.000000000000000000e+00,0.000000000000000000e+00,0.000000000000000000e+00,0.000000000000000000e+00,0.000000000000000000e+00,0.000000000000000000e+00,0.000000000000000000e+00,0.000000000000000000e+00,0.000000000000000000e+00,0.000000000000000000e+00
0.000000000000000000e+00,0.000000000000000000e+00,0.000000000000000000e+00,0.000000000000000000e+00,0.000000000000000000e+00,0.000000000000000000e+00,0.000000000000000000e+00,0.000000000000000000e+00,6.929482466342479219e-01,3.658359125613162011e-01,4.128936440526058127e-01,4.589823257226844366e-01,3.693666229275352486e-01,4.035173082590348126e-01,3.443161529988857383e-01,6.453136719628922435e-01,3.690926120796661491e-01,4.707065667770954920e-01,4.711523116319981108e-01,4.729437652883934917e-01,4.202169265907009787e-01,8.461510902778740517e-01,4.623948337206226222e-01,3.763516195789636809e-01,5.384597847222835076e-01,5.145158646157083071e-01,4.494461075730713517e-01,9.352196260965977004e-01,5.731991256721082895e-01,1.043054174179014693e+00,6.732568891520838150e-01,4.960486949983947680e-01,6.097265209355269278e-01,5.951397620614712336e-01,8.490389779580033158e-01,1.366859453525796519e+00,7.360012442061981686e-01,8.183171728345228768e-01,2.022507484078821083e+00,8.490389779580033158e-01,8.774900195474250042e-01,7.179463796297113065e-01,4.784008087340287929e+00,1.113057810029955075e+00,9.079139435828283977e-01,7.515662252014954081e-01,1.776917289583535675e+00,2.525567721235482122e+00,9.774790591029272058e-01,2.099311565752700393e+00,2.047476712277324751e+00,9.196614437770608275e-01,1.998139924029678438e+00,1.326764909555706584e+00,1.154377821539187776e+00,1.842729041049592675e+00,1.829179562806580783e+00,1.149045822363487179e+00,2.099311565752700393e+00,1.849579334882490489e+00,1.405471302495451935e+00,1.675208219135993160e+00,3.251874778322810577e+00,2.346871891902782892e+00,2.551470979914820525e+00,1.884609246527992443e+00,2.380559048245884934e+00,2.463053668729653367e+00,2.117178047163361665e+00,1.891775061153573967e+00,1.599796916666848867e+00,1.507687397222393866e+00,1.545145469203074384e+00,9.852214674918613468e-01,1.530882587948892315e+00,1.758080710542013980e+00,1.149045822363487179e+00,1.413456934895994221e+00,1.237653833540770965e+00,1.086324980531419016e+00,1.049655782876350196e+00,1.796161881167472663e+00,1.056341488499766390e+00,9.162741088091895802e-01,8.683016423793891159e-01,1.599796916666848867e+00,1.579482035185364897e+00,7.252723630953206158e-01,1.154377821539187776e+00,1.615379354166850634e+00,8.418559070784938925e-01,1.157062421124162688e+00,9.990699620148392190e-01,9.046124383334362973e-01,9.013348570351266131e-01,4.619654977561651887e-01,9.095737496954111601e-01,7.128034972541402725e-01,8.563456817270050925e-01,6.346133177084055665e-01,1.083958259440936711e+00,6.180581876812297759e-01,1.045245464460903273e+00,6.669394652592358641e-01,5.792047044044120740e-01,8.090029936315283887e-01,6.134856240239087155e-01,7.689904808089488286e-01,4.975368410833899691e-01,6.242620339816686847e-01,7.169118747599279029e-01,1.413456934895994221e+00,3.097987802511768529e-01,7.515662252014954081e-01,7.158803468825755134e-01,2.894338807931297053e-01,2.659202785052859341e-01,2.633863637286341652e-01,4.667324963258817627e-01,3.958129205118456340e-01,0.000000000000000000e+00,0.000000000000000000e+00,0.000000000000000000e+00,0.000000000000000000e+00,0.000000000000000000e+00,0.000000000000000000e+00,0.000000000000000000e+00,0.000000000000000000e+00
0.000000000000000000e+00,0.000000000000000000e+00,0.000000000000000000e+00,0.000000000000000000e+00,0.000000000000000000e+00,0.000000000000000000e+00,0.000000000000000000e+00,0.000000000000000000e+00,7.619247183512862787e-01,4.330172681317580041e-01,5.264940117284550025e-01,5.812346274338667795e-01,4.577155851733117897e-01,5.315564541489209427e-01,4.482313883634144180e-01,7.897410175926824483e-01,4.337723113194332791e-01,6.127300998563915968e-01,5.916014757234125954e-01,6.297934697258100734e-01,5.491576612399448054e-01,9.871762719908531158e-01,6.242620339816686847e-01,4.980348759593492547e-01,6.872055816068922685e-01,6.660466413432262200e-01,5.534336385799665248e-01,1.176210026201867542e+00,7.305974171562260588e-01,1.480764407986279618e+00,8.376041095679965798e-01,6.678346860179731337e-01,7.607596958461619874e-01,6.958557217949509210e-01,1.049655782876350196e+00,1.686565562994542411e+00,9.911092451860357144e-01,1.049655782876350196e+00,2.704004571105380617e+00,1.120578470908535795e+00,1.110573305989709825e+00,9.265118083489570777e-01,7.425923001244625787e+00,1.363114633105177997e+00,1.178997253752108954e+00,9.440926775775900781e-01,2.201490447271636786e+00,3.579401734412877456e+00,1.216471494091418082e+00,2.591337713975989665e+00,2.403559618760338079e+00,1.316235029321137562e+00,2.475307667081541929e+00,1.783286168757669987e+00,1.476370448318664597e+00,1.898995576654159967e+00,2.357994507504217907e+00,1.686565562994542411e+00,2.859407132663160933e+00,2.926687300490529609e+00,2.618614953070473206e+00,2.795150792603314560e+00,6.219210513542375196e+00,4.693743783805565783e+00,5.785312105620813661e+00,3.052373258180306692e+00,3.553834579167071350e+00,4.326407313768608098e+00,2.591337713975989665e+00,2.674929253136505203e+00,1.951124866993686258e+00,2.022507484078821083e+00,2.099311565752700393e+00,1.302452463569083729e+00,2.030762616666897724e+00,2.182179127558727671e+00,1.429703566331580467e+00,1.951124866993686258e+00,1.709748594788281562e+00,1.225460199712783194e+00,1.378218396352880681e+00,2.475307667081541929e+00,1.472002488412396337e+00,1.240740252078279315e+00,1.190279524122942467e+00,2.081744104951422258e+00,1.877497513522226047e+00,8.728716510234911796e-01,1.579482035185364897e+00,2.231106910687847389e+00,1.108099868782605801e+00,1.366859453525796519e+00,1.138528240465423336e+00,1.228486027366394895e+00,1.190279524122942467e+00,5.812346274338667795e-01,1.120578470908535795e+00,8.997049567511572477e-01,1.051874928294693312e+00,8.916430843788349936e-01,1.344694165090243088e+00,8.103205880836970021e-01,1.265997051102773607e+00,8.698196522436887346e-01,6.436440376240490924e-01,1.021636223990533887e+00,7.295261599463195301e-01,9.717516427409961244e-01,6.633824547778532921e-01,6.834297267628982597e-01,9.196614437770608275e-01,1.758080710542013980e+00,3.993072560861877784e-01,1.027968679924359474e+00,9.334649926517635254e-01,3.923792122108754055e-01,3.452719230280291152e-01,3.405454079968445735e-01,5.309891580399038746e-01,4.002709904130248852e-01,0.000000000000000000e+00,0.000000000000000000e+00,0.000000000000000000e+00,0.000000000000000000e+00,0.000000000000000000e+00,0.000000000000000000e+00,0.000000000000000000e+00,0.000000000000000000e+00
0.000000000000000000e+00,0.000000000000000000e+00,0.000000000000000000e+00,0.000000000000000000e+00,0.000000000000000000e+00,0.000000000000000000e+00,0.000000000000000000e+00,0.000000000000000000e+00,1.181797722288337349e+00,7.725727346015371921e-01,8.593036978987736996e-01,7.986145121723755569e-01,7.859981691680726357e-01,8.622822202485094234e-01,7.370916164198368925e-01,1.219453041871053856e+00,6.853124532829062421e-01,9.852214674918613468e-01,9.265118083489570777e-01,9.387487567611130235e-01,9.642186842701355731e-01,1.610151589266634264e+00,9.129116350153945181e-01,8.103205880836970021e-01,1.178997253752108954e+00,1.054103476871588896e+00,8.607903824972145124e-01,2.030762616666897724e+00,1.225460199712783194e+00,1.891775061153573967e+00,1.374411163213784537e+00,1.076919569444567015e+00,1.213504490447292694e+00,1.167926857003262819e+00,1.802669714070253226e+00,2.718780552368250891e+00,1.599796916666848867e+00,1.721580764994429025e+00,4.045014968157642166e+00,1.835929302890737747e+00,2.039085414276188502e+00,1.417483877730455921e+00,1.105637424629755472e+01,2.221146611979419649e+00,1.898995576654159967e+00,1.675208219135993160e+00,3.339173430089865668e+00,5.076906541667244532e+00,2.201490447271636786e+00,5.467437814103186078e+00,3.316912273889266682e+00,1.928437368540271146e+00,4.289110698994741178e+00,3.294945967439668610e+00,2.335853714006525639e+00,3.339173430089865668e+00,4.326407313768608098e+00,2.718780552368250891e+00,7.774013141927968995e+00,6.815573165525890431e+00,5.590301585206629120e+00,7.107669158334142701e+00,1.421533831666828540e+01,1.243842102708475039e+01,1.213504490447292561e+01,7.210678856281012905e+00,7.897410175926824927e+00,9.387487567611131567e+00,5.408009142210761233e+00,5.076906541667244532e+00,4.045014968157642166e+00,3.431288559195792676e+00,3.479278608974754938e+00,1.891775061153573967e+00,3.455116951967985628e+00,3.528630078605602183e+00,2.241156941817071591e+00,2.875935497591849188e+00,2.733718907051593039e+00,2.392004043670143965e+00,2.415227383899951175e+00,4.523062191667181153e+00,2.525567721235482122e+00,2.047476712277324751e+00,1.982218490372071429e+00,3.230758708333701268e+00,2.875935497591849188e+00,1.512270033688115189e+00,3.071215068415987126e+00,3.605339428140506453e+00,1.935941015888676731e+00,2.369223052778047567e+00,2.014319194669595081e+00,2.055937359848718948e+00,2.047476712277324751e+00,9.813349922749308174e-01,1.745743302046982359e+00,1.421533831666828451e+00,1.642035779153102171e+00,1.330312409313876731e+00,2.314124842248325375e+00,1.157062421124162688e+00,2.292796502688433158e+00,1.344694165090243088e+00,1.210551924777104604e+00,1.589574572151405629e+00,1.165191665300679080e+00,1.680867706362803915e+00,9.813349922749308174e-01,1.225460199712783194e+00,1.425606994508280545e+00,3.209915103763806066e+00,6.219210513542374752e-01,1.494104627878047875e+00,1.709748594788281562e+00,6.395075078192673512e-01,5.798797681624592304e-01,5.449472520080941296e-01,7.725727346015371921e-01,5.972831225490875529e-01,0.000000000000000000e+00,0.000000000000000000e+00,0.000000000000000000e+00,0.000000000000000000e+00,0.000000000000000000e+00,0.000000000000000000e+00,0.000000000000000000e+00,0.000000000000000000e+00
0.000000000000000000e+00,0.000000000000000000e+00,0.000000000000000000e+00,0.000000000000000000e+00,0.000000000000000000e+00,0.000000000000000000e+00,0.000000000000000000e+00,0.000000000000000000e+00,9.196614437770608275e-01,6.016164946594799723e-01,7.047264038008356213e-01,7.231640132026017076e-01,6.338048930998598784e-01,7.549876192464187730e-01,5.534336385799665248e-01,1.051874928294693312e+00,5.673168085329417520e-01,8.169734664751887587e-01,7.561350168440575947e-01,8.090029936315283887e-01,7.057260157211204810e-01,1.366859453525796519e+00,7.414856051913412127e-01,6.520797392967103701e-01,9.369808683303012531e-01,8.884586447917678376e-01,7.327493977664064628e-01,1.554802628385593799e+00,9.352196260965977004e-01,1.733577843496132198e+00,1.181797722288337349e+00,8.728716510234911796e-01,1.027968679924359474e+00,9.549651460333780095e-01,1.288955546848160605e+00,2.081744104951422258e+00,1.467660298181091338e+00,1.433823749519855806e+00,3.553834579167071350e+00,1.498604943022258773e+00,1.401512228403915428e+00,1.123107993416230244e+00,9.046124383334362307e+00,1.764315039302801091e+00,1.692302180555748103e+00,1.409452807601671243e+00,2.525567721235482122e+00,4.482313883634143181e+00,1.669586715044932834e+00,4.180981857843613092e+00,3.384604361111496207e+00,1.680867706362803915e+00,3.169024465499299392e+00,2.427008980894585388e+00,1.675208219135993160e+00,3.129162522537043412e+00,3.361735412725607830e+00,2.047476712277324751e+00,5.923057631945118473e+00,5.349858506273010406e+00,4.649877019470934236e+00,5.292945117908404384e+00,1.842729041049592453e+01,1.130765547916795377e+01,1.421533831666828540e+01,7.425923001244625787e+00,8.024787759409516497e+00,8.578221397989482355e+00,5.923057631945118473e+00,4.693743783805565783e+00,3.052373258180306692e+00,2.826913869791988443e+00,2.718780552368250891e+00,1.727558475983992814e+00,2.512812328703990072e+00,3.431288559195792676e+00,1.870439252193195401e+00,2.427008980894585388e+00,2.324938509735467118e+00,1.733577843496132198e+00,2.081744104951422258e+00,3.827206469872230343e+00,1.898995576654159967e+00,1.715644279597896338e+00,1.421533831666828451e+00,2.525567721235482122e+00,2.380559048245884934e+00,1.330312409313876731e+00,2.591337713975989665e+00,3.230758708333701268e+00,1.647472983719834305e+00,1.870439252193195401e+00,1.625937389161405289e+00,1.363114633105177997e+00,1.316235029321137562e+00,7.584403065295578505e-01,1.413456934895994221e+00,1.013313321962097779e+00,1.184611526389023783e+00,1.108099868782605801e+00,1.998139924029678438e+00,1.027968679924359474e+00,1.822479271367728693e+00,1.125648961727126585e+00,8.390165954188700814e-01,1.370624906565812484e+00,9.387487567611130235e-01,1.309307476535236603e+00,9.013348570351266131e-01,9.162741088091895802e-01,1.110573305989709825e+00,2.604904927138167459e+00,5.491576612399448054e-01,1.279015015638534702e+00,1.216471494091418082e+00,5.315564541489209427e-01,4.535431550441112458e-01,4.322648488995569083e-01,6.891091981764403407e-01,4.556198178419321732e-01,0.000000000000000000e+00,0.000000000000000000e+00,0.000000000000000000e+00,0.000000000000000000e+00,0.000000000000000000e+00,0.000000000000000000e+00,0.000000000000000000e+00,0.000000000000000000e+00
0.000000000000000000e+00,0.000000000000000000e+00,0.000000000000000000e+00,0.000000000000000000e+00,0.000000000000000000e+00,0.000000000000000000e+00,0.000000000000000000e+00,0.000000000000000000e+00,1.178997253752108954e+00,8.447145009904754032e-01,9.774790591029272058e-01,1.017457752726768749e+00,8.948504336032193640e-01,1.009202517410527244e+00,7.835225843832913650e-01,1.316235029321137562e+00,8.196653065624217582e-01,1.056341488499766390e+00,1.081601828442152025e+00,1.067675624642467680e+00,1.015381308333448862e+00,1.569516848843501622e+00,9.755624334968431288e-01,9.476892211112188935e-01,1.401512228403915428e+00,1.193133911470959152e+00,1.049655782876350196e+00,2.126225816595683771e+00,1.413456934895994221e+00,2.261531095833590577e+00,1.594669362446762717e+00,1.138528240465423336e+00,1.559676617816269539e+00,1.393660619281204216e+00,1.829179562806580783e+00,3.052373258180306692e+00,2.126225816595683771e+00,2.135351249284935360e+00,4.402980894543273571e+00,1.966548778985731216e+00,2.073070171180791288e+00,1.652946315891660856e+00,1.213504490447292561e+01,2.859407132663160933e+00,2.392004043670143965e+00,1.877497513522226047e+00,3.712961500622312894e+00,6.910233903935971256e+00,2.926687300490529609e+00,6.461517416667402536e+00,4.252451633191367542e+00,2.551470979914820525e+00,4.693743783805565783e+00,3.631655774331313591e+00,2.764093561574388680e+00,4.216413907486355583e+00,5.467437814103186078e+00,3.129162522537043412e+00,8.728716510234910686e+00,9.568016174680575858e+00,9.046124383334362307e+00,9.387487567611131567e+00,2.764093561574388502e+01,1.990147364333559921e+01,2.369223052778047389e+01,2.163203656884304493e+01,2.618614953070473206e+01,1.842729041049592453e+01,7.774013141927968995e+00,6.378677449787050868e+00,5.853374600981059217e+00,3.769218493055984887e+00,4.216413907486355583e+00,2.487684205416949901e+00,3.658359125613161567e+00,4.180981857843613092e+00,2.551470979914820525e+00,3.015374794444787732e+00,3.528630078605602183e+00,2.525567721235482122e+00,2.704004571105380617e+00,4.784008087340287929e+00,2.660624818627753463e+00,2.314124842248325375e+00,2.064468220263028897e+00,4.252451633191367542e+00,3.294945967439668610e+00,2.022507484078821083e+00,4.045014968157642166e+00,5.408009142210761233e+00,2.415227383899951175e+00,3.071215068415987126e+00,2.314124842248325375e+00,2.369223052778047567e+00,2.055937359848718948e+00,1.103185900406629560e+00,2.126225816595683771e+00,1.764315039302801091e+00,1.796161881167472663e+00,1.599796916666848867e+00,2.487684205416949901e+00,1.476370448318664597e+00,2.357994507504217907e+00,1.604957551881903033e+00,1.253241413308286978e+00,1.913603234936115172e+00,1.437967748795924594e+00,1.758080710542013980e+00,1.143762853065264373e+00,1.341069652515875843e+00,1.966548778985731216e+00,3.129162522537043412e+00,7.305974171562260588e-01,1.906271421775440622e+00,1.776917289583535675e+00,7.381852241593322983e-01,6.589891934879337221e-01,6.598631844607293351e-01,9.095737496954111601e-01,5.647410227961293661e-01,0.000000000000000000e+00,0.000000000000000000e+00,0.000000000000000000e+00,0.000000000000000000e+00,0.000000000000000000e+00,0.000000000000000000e+00,0.000000000000000000e+00,0.000000000000000000e+00
0.000000000000000000e+00,0.000000000000000000e+00,0.000000000000000000e+00,0.000000000000000000e+00,0.000000000000000000e+00,0.000000000000000000e+00,0.000000000000000000e+00,1.231526834364826684e+00,7.087419388652279606e-01,4.761118096491769869e-01,6.038068459749877936e-01,6.563810568382453248e-01,5.259374641473466561e-01,5.923057631945118917e-01,4.882599029277624458e-01,8.852968702551423652e-01,4.839852539721691826e-01,6.520797392967103701e-01,6.760011427763451541e-01,6.806249536024485680e-01,6.074930904559096012e-01,1.038699041927745315e+00,6.529354869860760635e-01,5.765200939552607151e-01,7.798383089081347697e-01,7.360012442061981686e-01,6.074930904559096012e-01,1.302452463569083729e+00,7.835225843832913650e-01,1.409452807601671243e+00,9.247896674412452445e-01,6.607394967906904393e-01,7.872418371572625917e-01,8.251025556938472727e-01,1.135928860920981665e+00,1.849579334882490489e+00,1.056341488499766390e+00,1.110573305989709825e+00,2.944004976824792674e+00,1.162469254867733559e+00,1.098315322479889611e+00,9.736533093608414902e-01,7.774013141927968995e+00,1.574483674314525183e+00,1.389767712523435561e+00,1.123107993416230244e+00,2.357994507504217907e+00,3.740878504386390802e+00,1.480764407986279618e+00,2.892656052810406830e+00,2.427008980894585388e+00,1.256406164351995036e+00,2.500185131072311329e+00,1.721580764994429025e+00,1.703893291381472608e+00,2.438906083742107711e+00,3.090290938406148769e+00,1.815827887165656795e+00,4.180981857843613092e+00,5.076906541667244532e+00,4.693743783805565783e+00,6.142430136831974252e+00,1.715644279597896471e+01,1.058589023581680877e+01,1.554802628385593799e+01,1.463343650245264627e+01,2.261531095833590754e+01,1.344694165090243132e+01,7.897410175926824927e+00,4.830454767799902349e+00,3.384604361111496207e+00,2.144555349497370589e+00,2.357994507504217907e+00,1.494104627878047875e+00,2.303411301311990567e+00,2.324938509735467118e+00,1.739639304487377469e+00,2.211274849259510678e+00,1.789700867206438728e+00,1.549959006490311264e+00,1.579482035185364897e+00,2.538453270833622266e+00,1.620641176167394004e+00,1.385896493268495844e+00,1.282311446091211060e+00,2.292796502688433158e+00,2.271857721841963329e+00,1.282311446091211060e+00,2.551470979914820525e+00,2.795150792603314560e+00,1.333878930518471728e+00,1.664002812987926294e+00,1.309307476535236603e+00,1.253241413308286978e+00,1.265997051102773607e+00,6.403305548048776608e-01,1.259586939451620147e+00,1.005124931481595763e+00,1.184611526389023783e+00,9.852214674918613468e-01,1.615379354166850634e+00,8.447145009904754032e-01,1.589574572151405629e+00,1.060846143034946509e+00,7.138261708513484738e-01,1.054103476871588896e+00,8.593036978987736996e-01,1.086324980531419016e+00,7.572859072806544800e-01,9.387487567611130235e-01,1.083958259440936711e+00,2.117178047163361665e+00,4.547868748477055800e-01,1.128201453703832069e+00,1.081601828442152025e+00,4.585593005376866205e-01,4.345299922125676062e-01,3.902249733987372404e-01,5.515929502033147802e-01,3.516161421084028071e-01,0.000000000000000000e+00,0.000000000000000000e+00,0.000000000000000000e+00,0.000000000000000000e+00,0.000000000000000000e+00,0.000000000000000000e+00,0.000000000000000000e+00,0.000000000000000000e+00
0.000000000000000000e+00,0.000000000000000000e+00,0.000000000000000000e+00,0.000000000000000000e+00,0.000000000000000000e+00,0.000000000000000000e+00,0.000000000000000000e+00,0.000000000000000000e+00,8.447145009904754032e-01,6.067522452236463470e-01,6.572481388155746451e-01,8.156341657104753118e-01,6.362363696718541517e-01,7.117837497616451570e-01,5.765200939552607151e-01,9.970678178023847371e-01,5.819144340156607864e-01,8.292280684723166706e-01,8.563456817270050925e-01,8.361963715687226184e-01,7.381852241593322983e-01,1.459052319892639060e+00,7.935196827486282745e-01,6.378677449787051312e-01,8.837244068976730649e-01,8.333950436907704429e-01,7.128034972541402725e-01,1.545145469203074384e+00,9.568016174680575858e-01,1.584512232749649696e+00,1.081601828442152025e+00,8.744056961043760179e-01,9.494977883270799834e-01,9.265118083489570777e-01,1.355686215486076263e+00,2.733718907051593039e+00,1.285624912360180838e+00,1.476370448318664597e+00,3.384604361111496207e+00,1.512270033688115189e+00,1.421533831666828451e+00,1.237653833540770965e+00,9.046124383334362307e+00,1.796161881167472663e+00,1.733577843496132198e+00,1.359390276184125446e+00,3.339173430089865668e+00,4.926107337459306734e+00,1.675208219135993160e+00,3.797991153308319934e+00,3.431288559195792676e+00,1.721580764994429025e+00,3.052373258180306692e+00,2.090490928921806546e+00,1.829179562806580783e+00,3.015374794444787732e+00,3.579401734412877456e+00,2.500185131072311329e+00,5.292945117908404384e+00,4.877812167484215422e+00,4.216413907486355583e+00,8.024787759409516497e+00,1.715644279597896471e+01,1.463343650245264627e+01,2.369223052778047389e+01,2.163203656884304493e+01,2.200000000000000000e+01,2.200000000000000000e+01,1.913603234936115172e+01,8.432827814972711167e+00,5.129245784364844241e+00,3.384604361111496207e+00,2.764093561574388680e+00,1.758080710542013980e+00,2.604904927138167459e+00,2.591337713975989665e+00,1.574483674314525183e+00,2.512812328703990072e+00,2.047476712277324751e+00,1.776917289583535675e+00,1.943503285481992249e+00,3.251874778322810577e+00,1.822479271367728693e+00,1.535607534207993563e+00,1.494104627878047875e+00,2.660624818627753463e+00,2.438906083742107711e+00,1.401512228403915428e+00,2.859407132663160933e+00,3.294945967439668610e+00,1.715644279597896338e+00,2.064468220263028897e+00,1.709748594788281562e+00,1.584512232749649696e+00,1.658456136944633341e+00,8.129686945807026444e-01,1.589574572151405629e+00,1.196002021835071982e+00,1.389767712523435561e+00,1.154377821539187776e+00,1.958806460958228080e+00,1.113057810029955075e+00,1.951124866993686258e+00,1.378218396352880681e+00,9.642186842701355731e-01,1.442135771256202847e+00,1.007159597334797541e+00,1.405471302495451935e+00,1.027968679924359474e+00,1.256406164351995036e+00,1.530882587948892315e+00,2.926687300490529609e+00,5.522051510359489157e-01,1.256406164351995036e+00,1.442135771256202847e+00,5.413893809394885182e-01,4.807119237520676158e-01,4.581370544045947901e-01,6.750839092040569200e-01,4.091585864172614384e-01,0.000000000000000000e+00,0.000000000000000000e+00,0.000000000000000000e+00,0.000000000000000000e+00,0.000000000000000000e+00,0.000000000000000000e+00,0.000000000000000000e+00,0.000000000000000000e+00
0.000000000000000000e+00,0.000000000000000000e+00,0.000000000000000000e+00,0.000000000000000000e+00,0.000000000000000000e+00,0.000000000000000000e+00,0.000000000000000000e+00,0.000000000000000000e+00,7.701808685501393414e-01,5.413893809394885182e-01,6.581175146605687809e-01,7.437023035626156853e-01,5.805564073318435492e-01,7.403822039931398091e-01,5.419791297204683556e-01,9.604958322073163801e-01,6.008899046900845198e-01,7.584403065295578505e-01,7.786179046688418426e-01,7.713749474161084585e-01,7.897410175926824483e-01,1.374411163213784537e+00,7.305974171562260588e-01,6.362363696718541517e-01,9.513132716699617131e-01,8.390165954188700814e-01,7.179463796297113065e-01,1.476370448318664597e+00,9.352196260965977004e-01,1.625937389161405289e+00,1.040872052475711129e+00,7.725727346015371921e-01,1.030096979468716256e+00,8.728716510234911796e-01,1.256406164351995036e+00,2.022507484078821083e+00,1.225460199712783194e+00,1.299051804395274123e+00,2.909572170078304154e+00,1.352002285552690308e+00,1.401512228403915428e+00,1.216471494091418082e+00,7.538436986111969773e+00,1.664002812987926294e+00,1.480764407986279618e+00,1.259586939451620147e+00,2.427008980894585388e+00,3.917612921916456159e+00,1.770593740510284730e+00,3.948705087963412463e+00,3.605339428140506453e+00,1.680867706362803915e+00,3.339173430089865668e+00,2.014319194669595081e+00,1.615379354166850634e+00,2.704004571105380617e+00,3.109605256771187598e+00,2.006196939852379124e+00,3.407786582762945216e+00,4.012393879704758248e+00,3.479278608974754938e+00,5.025624657407980145e+00,1.058589023581680877e+01,8.292280684723165152e+00,1.507687397222393955e+01,1.500000000000000000e+01,2.200000000000000000e+01,2.200000000000000000e+01,1.776917289583535720e+01,9.387487567611131567e+00,4.482313883634143181e+00,3.189338724893525434e+00,2.689388330180486175e+00,1.620641176167394004e+00,2.427008980894585388e+00,2.843067663333656903e+00,1.692302180555748103e+00,2.525567721235482122e+00,2.172649961062838031e+00,1.849579334882490489e+00,1.758080710542013980e+00,3.071215068415987126e+00,1.815827887165656795e+00,1.594669362446762717e+00,1.476370448318664597e+00,2.604904927138167459e+00,2.577911093696321210e+00,1.157062421124162688e+00,2.512812328703990072e+00,3.071215068415987126e+00,1.521519391692323975e+00,2.126225816595683771e+00,1.574483674314525183e+00,1.686565562994542411e+00,1.507687397222393866e+00,8.050757946333171322e-01,1.355686215486076263e+00,1.079255620571344831e+00,1.393660619281204216e+00,1.151705650655995283e+00,1.727558475983992814e+00,1.076919569444567015e+00,1.898995576654159967e+00,1.299051804395274123e+00,1.007159597334797541e+00,1.295668856987994833e+00,9.513132716699617131e-01,1.421533831666828451e+00,9.299754038941867584e-01,1.184611526389023783e+00,1.494104627878047875e+00,2.795150792603314560e+00,5.396278102856724157e-01,1.319726368921458670e+00,1.259586939451620147e+00,5.634618811816420880e-01,5.155822187392642419e-01,4.747488941635399917e-01,6.598631844607293351e-01,3.951841470082525509e-01,0.000000000000000000e+00,0.000000000000000000e+00,0.000000000000000000e+00,0.000000000000000000e+00,0.000000000000000000e+00,0.000000000000000000e+00,0.000000000000000000e+00,0.000000000000000000e+00
0.000000000000000000e+00,0.000000000000000000e+00,0.000000000000000000e+00,0.000000000000000000e+00,0.000000000000000000e+00,0.000000000000000000e+00,0.000000000000000000e+00,0.000000000000000000e+00,1.007159597334797541e+00,6.891091981764403407e-01,9.079139435828283977e-01,8.461510902778740517e-01,7.527032391579273618e-01,9.423046232639962216e-01,6.651562046569383657e-01,1.173435945951391446e+00,6.900649668285574467e-01,1.019542707138094251e+00,1.001080163145653845e+00,9.568016174680575858e-01,9.369808683303012531e-01,1.636634345669045754e+00,9.162741088091895802e-01,7.798383089081347697e-01,1.081601828442152025e+00,1.011253742039410541e+00,8.728716510234911796e-01,1.739639304487377469e+00,1.193133911470959152e+00,2.221146611979419649e+00,1.282311446091211060e+00,1.013313321962097779e+00,1.115553455343923694e+00,1.058589023581680832e+00,1.642035779153102171e+00,2.512812328703990072e+00,1.610151589266634264e+00,1.856480750311156447e+00,4.877812167484215422e+00,1.796161881167472663e+00,1.599796916666848867e+00,1.442135771256202847e+00,1.036535085590395866e+01,1.943503285481992249e+00,1.842729041049592675e+00,1.594669362446762717e+00,3.339173430089865668e+00,4.975368410833899802e+00,1.935941015888676731e+00,4.877812167484215422e+00,3.361735412725607830e+00,1.884609246527992443e+00,3.361735412725607830e+00,2.577911093696321210e+00,2.090490928921806546e+00,3.431288559195792676e+00,3.948705087963412463e+00,2.211274849259510678e+00,4.111874719697437897e+00,3.980294728667119752e+00,4.364358255117455343e+00,4.784008087340287929e+00,8.884586447917678598e+00,5.653827739583976886e+00,7.774013141927968995e+00,1.105637424629755472e+01,1.842729041049592453e+01,1.776917289583535720e+01,1.309307476535236603e+01,9.046124383334362307e+00,6.219210513542375196e+00,3.631655774331313591e+00,3.339173430089865668e+00,2.241156941817071591e+00,2.859407132663160933e+00,3.052373258180306692e+00,2.282279087538486184e+00,2.733718907051593039e+00,2.392004043670143965e+00,2.163203656884304049e+00,2.392004043670143965e+00,3.479278608974754938e+00,2.081744104951422258e+00,1.982218490372071429e+00,1.856480750311156447e+00,3.148967348629050367e+00,2.961528815972559237e+00,1.604957551881903033e+00,2.795150792603314560e+00,3.712961500622312894e+00,1.776917289583535675e+00,2.450920399425566387e+00,1.891775061153573967e+00,2.030762616666897724e+00,1.783286168757669987e+00,9.162741088091895802e-01,1.815827887165656795e+00,1.405471302495451935e+00,1.647472983719834305e+00,1.393660619281204216e+00,1.913603234936115172e+00,1.231526834364826684e+00,1.958806460958228080e+00,1.409452807601671243e+00,1.125648961727126585e+00,1.615379354166850634e+00,1.173435945951391446e+00,1.574483674314525183e+00,1.170674920196211666e+00,1.231526834364826684e+00,1.521519391692323975e+00,3.129162522537043412e+00,6.453136719628922435e-01,1.559676617816269539e+00,1.658456136944633341e+00,6.891091981764403407e-01,5.699161982627605205e-01,5.609209031379819299e-01,7.884894470418224444e-01,4.458215421894174968e-01,0.000000000000000000e+00,0.000000000000000000e+00,0.000000000000000000e+00,0.000000000000000000e+00,0.000000000000000000e+00,0.000000000000000000e+00,0.000000000000000000e+00,0.000000000000000000e+00
0.000000000000000000e+00,0.000000000000000000e+00,0.000000000000000000e+00,0.000000000000000000e+00,0.000000000000000000e+00,0.000000000000000000e+00,0.000000000000000000e+00,1.231526834364826684e+00,7.414856051913412127e-01,4.897016152395570199e-01,6.008899046900845198e-01,6.633824547778532921e-01,5.515929502033147802e-01,6.329985255513868037e-01,4.930989505286322294e-01,8.759451427524471701e-01,5.071731305641080656e-01,7.338301490905456692e-01,6.678346860179731337e-01,6.997705219175667235e-01,6.266207066541434889e-01,1.143762853065264373e+00,6.607394967906904393e-01,5.692641202327116678e-01,7.973346812233813585e-01,6.806249536024485680e-01,6.297934697258100734e-01,1.259586939451620147e+00,7.515662252014954081e-01,1.494104627878047875e+00,9.717516427409961244e-01,6.428124561800904191e-01,8.390165954188700814e-01,7.538436986111969329e-01,1.069971701254602170e+00,1.913603234936115172e+00,1.072277674748685294e+00,1.051874928294693312e+00,2.618614953070473206e+00,1.093487562820637304e+00,1.093487562820637304e+00,9.568016174680575858e-01,7.654412939744460687e+00,1.545145469203074384e+00,1.146398251344216579e+00,1.013313321962097779e+00,2.006196939852379124e+00,3.230758708333701268e+00,1.141139543769243092e+00,2.632470058642275124e+00,2.324938509735467118e+00,1.176210026201867542e+00,2.525567721235482122e+00,1.721580764994429025e+00,1.288955546848160605e+00,2.292796502688433158e+00,2.795150792603314560e+00,1.330312409313876731e+00,2.795150792603314560e+00,2.577911093696321210e+00,1.966548778985731216e+00,2.064468220263028897e+00,4.111874719697437897e+00,3.503780571009788680e+00,4.252451633191367542e+00,4.564558175076972368e+00,8.432827814972711167e+00,1.015381308333448906e+01,5.025624657407980145e+00,4.693743783805565783e+00,3.294945967439668610e+00,2.324938509735467118e+00,2.039085414276188502e+00,1.272472739343708303e+00,2.314124842248325375e+00,2.314124842248325375e+00,1.745743302046982359e+00,1.891775061153573967e+00,1.829179562806580783e+00,1.355686215486076263e+00,1.584512232749649696e+00,2.674929253136505203e+00,1.382046780787194340e+00,1.425606994508280545e+00,1.143762853065264373e+00,2.292796502688433158e+00,2.153839138889134031e+00,1.135928860920981665e+00,2.172649961062838031e+00,2.961528815972559237e+00,1.213504490447292694e+00,1.574483674314525183e+00,1.341069652515875843e+00,1.295668856987994833e+00,1.228486027366394895e+00,6.419830207527612576e-01,1.279015015638534702e+00,9.660909535599805364e-01,1.086324980531419016e+00,9.079139435828283977e-01,1.559676617816269539e+00,8.997049567511572477e-01,1.446328026405203415e+00,9.334649926517635254e-01,7.370916164198368925e-01,1.051874928294693312e+00,8.223749439394875127e-01,1.038699041927745315e+00,6.478344284939974163e-01,7.986145121723755569e-01,1.040872052475711129e+00,2.055937359848718948e+00,4.641201875777891117e-01,1.279015015638534702e+00,1.256406164351995036e+00,4.811768289007640198e-01,4.296518489493868498e-01,3.749335652474679592e-01,5.522051510359489157e-01,3.297129496907819646e-01,0.000000000000000000e+00,0.000000000000000000e+00,0.000000000000000000e+00,0.000000000000000000e+00,0.000000000000000000e+00,0.000000000000000000e+00,0.000000000000000000e+00,0.000000000000000000e+00
0.000000000000000000e+00,0.000000000000000000e+00,0.000000000000000000e+00,0.000000000000000000e+00,0.000000000000000000e+00,0.000000000000000000e+00,0.000000000000000000e+00,1.017457752726768749e+00,6.598631844607293351e-01,3.914530614346105053e-01,5.030706178800706807e-01,5.455447818896819179e-01,4.602560972094264513e-01,5.171900634962472987e-01,3.954982838500715192e-01,7.067284674479971107e-01,4.105089447882755427e-01,5.503726118179091964e-01,5.738602549981429712e-01,5.367171964222113845e-01,4.940782930321648281e-01,9.062601841227504451e-01,4.844565151737000863e-01,4.684904341651506265e-01,6.203701260391396577e-01,5.894986268760544768e-01,4.684904341651506265e-01,9.990699620148392190e-01,6.346133177084055665e-01,1.083958259440936711e+00,6.769208722222992414e-01,5.923057631945118917e-01,5.980010109175359911e-01,6.016164946594799723e-01,9.162741088091895802e-01,1.393660619281204216e+00,8.652814627537216419e-01,7.909965677001430384e-01,1.958806460958228080e+00,8.578221397989481689e-01,8.980809405837363313e-01,7.295261599463195301e-01,8.024787759409516497e+00,1.072277674748685294e+00,9.660909535599805364e-01,7.960589457334238395e-01,1.625937389161405289e+00,2.346871891902782892e+00,9.440926775775900781e-01,2.163203656884304049e+00,1.809224876666872595e+00,9.213645205247963377e-01,1.658456136944633341e+00,1.463343650245264804e+00,1.110573305989709825e+00,1.698077955916006632e+00,1.692302180555748103e+00,1.003098469926189562e+00,1.951124866993686258e+00,1.658456136944633341e+00,1.385896493268495844e+00,1.512270033688115189e+00,2.748822326427569074e+00,1.822479271367728693e+00,2.271857721841963329e+00,2.271857721841963329e+00,4.402980894543273571e+00,4.482313883634143181e+00,2.674929253136505203e+00,2.826913869791988443e+00,2.039085414276188502e+00,1.764315039302801091e+00,1.703893291381472608e+00,1.128201453703832069e+00,1.535607534207993563e+00,1.974352543981706232e+00,1.204689687853244484e+00,1.526186629090153346e+00,1.472002488412396337e+00,1.167926857003262819e+00,1.272472739343708303e+00,2.117178047163361665e+00,1.196002021835071982e+00,9.476892211112188935e-01,9.029706734725770900e-01,1.574483674314525183e+00,1.664002812987926294e+00,9.062601841227504451e-01,1.802669714070253226e+00,2.201490447271636786e+00,8.932438798624594556e-01,1.237653833540770965e+00,1.113057810029955075e+00,1.023738356138662375e+00,9.679705079443383653e-01,5.040900112293718038e-01,1.067675624642467680e+00,7.493024715111293865e-01,8.129686945807026444e-01,7.470523139390239376e-01,1.253241413308286978e+00,6.386865739196276870e-01,1.154377821539187776e+00,7.370916164198368925e-01,6.134856240239087155e-01,8.519466456907363039e-01,6.354238072584801333e-01,9.871762719908531158e-01,5.888009953649585571e-01,6.289972706490392085e-01,8.024787759409515164e-01,1.877497513522226047e+00,3.783550122307147712e-01,1.113057810029955075e+00,1.076919569444567015e+00,4.368190000732133371e-01,3.493938490754143200e-01,3.205778615228027650e-01,4.615369583333858716e-01,2.852848859423107730e-01,0.000000000000000000e+00,0.000000000000000000e+00,0.000000000000000000e+00,0.000000000000000000e+00,0.000000000000000000e+00,0.000000000000000000e+00,0.000000000000000000e+00,0.000000000000000000e+00
0.000000000000000000e+00,0.000000000000000000e+00,0.000000000000000000e+00,0.000000000000000000e+00,0.000000000000000000e+00,0.000000000000000000e+00,0.000000000000000000e+00,0.000000000000000000e+00,1.225460199712783194e+00,8.063806176392057656e-01,9.095737496954111601e-01,9.568016174680575858e-01,8.116424813758399415e-01,9.369808683303012531e-01,7.737742474080714361e-01,1.292303483333480330e+00,7.470523139390239376e-01,9.832743894928656081e-01,1.027968679924359474e+00,9.970678178023847371e-01,9.531357108877203110e-01,1.463343650245264804e+00,9.369808683303012531e-01,8.713429791302801375e-01,1.154377821539187776e+00,1.063112908297841885e+00,9.440926775775900781e-01,1.783286168757669987e+00,1.120578470908535795e+00,2.172649961062838031e+00,1.363114633105177997e+00,1.120578470908535795e+00,1.225460199712783194e+00,1.138528240465423336e+00,1.715644279597896338e+00,3.109605256771187598e+00,1.610151589266634264e+00,1.664002812987926294e+00,3.361735412725607830e+00,1.764315039302801091e+00,1.549959006490311264e+00,1.610151589266634264e+00,1.058589023581680877e+01,2.324938509735467118e+00,2.055937359848718948e+00,1.530882587948892315e+00,3.361735412725607830e+00,5.349858506273010406e+00,2.047476712277324751e+00,4.012393879704758248e+00,3.455116951967985628e+00,1.842729041049592675e+00,2.892656052810406830e+00,2.733718907051593039e+00,2.022507484078821083e+00,3.251874778322810577e+00,3.407786582762945216e+00,2.126225816595683771e+00,3.827206469872230343e+00,3.294945967439668610e+00,2.221146611979419649e+00,2.764093561574388680e+00,4.564558175076972368e+00,3.631655774331313591e+00,3.827206469872230343e+00,3.503780571009788680e+00,4.402980894543273571e+00,5.994419772089035092e+00,4.442293223958839299e+00,3.797991153308319934e+00,3.856874737080542292e+00,2.826913869791988443e+00,3.431288559195792676e+00,1.935941015888676731e+00,3.148967348629050367e+00,3.316912273889266682e+00,2.241156941817071591e+00,2.997209886044517546e+00,2.591337713975989665e+00,2.153839138889134031e+00,2.335853714006525639e+00,3.479278608974754938e+00,1.998139924029678438e+00,1.935941015888676731e+00,1.739639304487377469e+00,3.503780571009788680e+00,3.361735412725607830e+00,1.966548778985731216e+00,3.917612921916456159e+00,4.784008087340287929e+00,1.758080710542013980e+00,2.221146611979419649e+00,2.182179127558727671e+00,2.014319194669595081e+00,1.898995576654159967e+00,1.013313321962097779e+00,1.758080710542013980e+00,1.442135771256202847e+00,1.599796916666848867e+00,1.425606994508280545e+00,2.357994507504217907e+00,1.187438761535536846e+00,2.073070171180791288e+00,1.319726368921458670e+00,1.009202517410527244e+00,1.642035779153102171e+00,1.275735489957410262e+00,1.631268331420950624e+00,1.015381308333448862e+00,1.190279524122942467e+00,1.285624912360180838e+00,3.090290938406148769e+00,7.097529830005563367e-01,1.966548778985731216e+00,1.751890285504894340e+00,7.305974171562260588e-01,5.888009953649585571e-01,5.686135326667314249e-01,8.037751875337478813e-01,5.431624902657095078e-01,0.000000000000000000e+00,0.000000000000000000e+00,0.000000000000000000e+00,0.000000000000000000e+00,0.000000000000000000e+00,0.000000000000000000e+00,0.000000000000000000e+00,0.000000000000000000e+00
0.000000000000000000e+00,0.000000000000000000e+00,0.000000000000000000e+00,0.000000000000000000e+00,0.000000000000000000e+00,0.000000000000000000e+00,0.000000000000000000e+00,0.000000000000000000e+00,8.884586447917678376e-01,5.534336385799665248e-01,6.581175146605687809e-01,7.425923001244625343e-01,5.860269035140046601e-01,6.919844799490820764e-01,5.304230715174732547e-01,9.930875071524748465e-01,5.590301585206628454e-01,7.414856051913412127e-01,7.561350168440575947e-01,7.242166536876126770e-01,6.563810568382453248e-01,1.210551924777104604e+00,6.495259021976370617e-01,6.023448439266222421e-01,8.713429791302801375e-01,7.798383089081347697e-01,6.329985255513868037e-01,1.305870973972152127e+00,8.237364918599171526e-01,1.467660298181091338e+00,9.179646514453688733e-01,7.835225843832913650e-01,9.095737496954111601e-01,8.607903824972145124e-01,1.184611526389023783e+00,1.920991664414632760e+00,1.154377821539187776e+00,1.181797722288337349e+00,2.892656052810406830e+00,1.198883954417807152e+00,1.359390276184125446e+00,1.069971701254602170e+00,9.213645205247962267e+00,1.421533831666828451e+00,1.450544726190641232e+00,1.110573305989709825e+00,2.108206953743177792e+00,3.948705087963412463e+00,1.348338322719214055e+00,2.577911093696321210e+00,2.591337713975989665e+00,1.299051804395274123e+00,2.577911093696321210e+00,1.727558475983992814e+00,1.393660619281204216e+00,2.251297923454253169e+00,2.500185131072311329e+00,1.352002285552690308e+00,2.944004976824792674e+00,2.292796502688433158e+00,1.951124866993686258e+00,1.675208219135993160e+00,3.503780571009788680e+00,2.030762616666897724e+00,2.357994507504217907e+00,2.006196939852379124e+00,2.909572170078304154e+00,3.479278608974754938e+00,2.380559048245884934e+00,3.148967348629050367e+00,2.525567721235482122e+00,2.231106910687847389e+00,2.201490447271636786e+00,1.625937389161405289e+00,2.324938509735467118e+00,2.859407132663160933e+00,1.842729041049592675e+00,2.261531095833590577e+00,1.928437368540271146e+00,1.549959006490311264e+00,1.421533831666828451e+00,2.646472558954202192e+00,1.636634345669045754e+00,1.569516848843501622e+00,1.393660619281204216e+00,2.221146611979419649e+00,2.108206953743177792e+00,1.210551924777104604e+00,2.538453270833622266e+00,2.944004976824792674e+00,1.201779809380169040e+00,1.554802628385593799e+00,1.433823749519855806e+00,1.530882587948892315e+00,1.405471302495451935e+00,7.221144282777793855e-01,1.389767712523435561e+00,1.103185900406629560e+00,1.198883954417807152e+00,9.832743894928656081e-01,1.764315039302801091e+00,9.334649926517635254e-01,1.554802628385593799e+00,1.095896125734339144e+00,8.251025556938472727e-01,1.133341323652368837e+00,9.046124383334362973e-01,1.178997253752108954e+00,7.538436986111969329e-01,8.837244068976730649e-01,1.151705650655995283e+00,2.324938509735467118e+00,4.844565151737000863e-01,1.187438761535536846e+00,1.219453041871053856e+00,5.367171964222113845e-01,4.478279397690278496e-01,4.122094789423280670e-01,6.313919303088705304e-01,4.223572504952377016e-01,0.000000000000000000e+00,0.000000000000000000e+00,0.000000000000000000e+00,0.000000000000000000e+00,0.000000000000000000e+00,0.000000000000000000e+00,0.000000000000000000e+00,0.000000000000000000e+00
0.000000000000000000e+00,0.000000000000000000e+00,0.000000000000000000e+00,0.000000000000000000e+00,0.000000000000000000e+00,0.000000000000000000e+00,0.000000000000000000e+00,0.000000000000000000e+00,0.000000000000000000e+00,8.076896770834253170e-01,9.112396356838643463e-01,9.642186842701355731e-01,8.223749439394875127e-01,9.660909535599805364e-01,7.148517831657902333e-01,1.228486027366394895e+00,7.527032391579273618e-01,1.138528240465423336e+00,9.736533093608414902e-01,9.950736821667799381e-01,9.476892211112188935e-01,1.686565562994542411e+00,9.440926775775900781e-01,7.935196827486282745e-01,1.120578470908535795e+00,1.040872052475711129e+00,9.476892211112188935e-01,1.815827887165656795e+00,1.058589023581680832e+00,1.974352543981706232e+00,1.337464626568252601e+00,1.013313321962097779e+00,1.207613691949975587e+00,1.149045822363487179e+00,1.715644279597896338e+00,2.979262521457425095e+00,1.489631260728712547e+00,1.664002812987926294e+00,4.012393879704758248e+00,1.709748594788281562e+00,1.815827887165656795e+00,1.421533831666828451e+00,9.568016174680575858e+00,2.324938509735467118e+00,1.849579334882490489e+00,1.526186629090153346e+00,3.033761226118231402e+00,5.923057631945118473e+00,1.776917289583535675e+00,3.553834579167071350e+00,3.339173430089865668e+00,1.698077955916006632e+00,3.251874778322810577e+00,2.577911093696321210e+00,2.135351249284935360e+00,3.251874778322810577e+00,3.685458082099185351e+00,2.047476712277324751e+00,3.455116951967985628e+00,2.718780552368250891e+00,2.604904927138167459e+00,2.704004571105380617e+00,4.482313883634143181e+00,2.795150792603314560e+00,3.431288559195792676e+00,2.591337713975989665e+00,4.326407313768608098e+00,4.442293223958839299e+00,2.718780552368250891e+00,3.917612921916456159e+00,2.875935497591849188e+00,2.979262521457425095e+00,3.129162522537043412e+00,1.935941015888676731e+00,2.704004571105380617e+00,3.740878504386390802e+00,2.172649961062838031e+00,2.733718907051593039e+00,2.450920399425566387e+00,1.856480750311156447e+00,2.172649961062838031e+00,3.553834579167071350e+00,2.211274849259510678e+00,1.935941015888676731e+00,1.789700867206438728e+00,3.148967348629050367e+00,3.294945967439668610e+00,1.564581261268521706e+00,2.926687300490529609e+00,3.316912273889266682e+00,1.721580764994429025e+00,2.450920399425566387e+00,1.698077955916006632e+00,1.906271421775440622e+00,1.829179562806580783e+00,1.017457752726768749e+00,1.943503285481992249e+00,1.476370448318664597e+00,1.631268331420950624e+00,1.429703566331580467e+00,2.415227383899951175e+00,1.359390276184125446e+00,1.935941015888676731e+00,1.389767712523435561e+00,1.187438761535536846e+00,1.647472983719834305e+00,1.133341323652368837e+00,1.480764407986279618e+00,1.036535085590395644e+00,1.040872052475711129e+00,1.378218396352880681e+00,2.450920399425566387e+00,6.705348262579379215e-01,1.599796916666848867e+00,1.545145469203074384e+00,6.723470825451215438e-01,5.712248462495865819e-01,5.771889107695938881e-01,8.183171728345228768e-01,6.016164946594799723e-01,0.000000000000000000e+00,0.000000000000000000e+00,0.000000000000000000e+00,0.000000000000000000e+00,0.000000000000000000e+00,0.000000000000000000e+00,0.000000000000000000e+00,0.000000000000000000e+00
0.000000000000000000e+00,0.000000000000000000e+00,0.000000000000000000e+00,0.000000000000000000e+00,0.000000000000000000e+00,0.000000000000000000e+00,0.000000000000000000e+00,0.000000000000000000e+00,1.176210026201867542e+00,6.616181397385505480e-01,7.630933145450766730e-01,7.835225843832913650e-01,6.453136719628922435e-01,7.097529830005563367e-01,5.621885209981807296e-01,1.027968679924359474e+00,5.778592811653774364e-01,7.947872860757028146e-01,7.414856051913412127e-01,8.320014064939631471e-01,7.338301490905456692e-01,1.333878930518471728e+00,7.425923001244625343e-01,6.297934697258100734e-01,9.162741088091895802e-01,9.062601841227504451e-01,6.900649668285574467e-01,1.454786085039152077e+00,9.405233290801321422e-01,1.610151589266634264e+00,1.038699041927745315e+00,7.960589457334238395e-01,1.013313321962097779e+00,8.980809405837363313e-01,1.173435945951391446e+00,1.990147364333559876e+00,1.143762853065264373e+00,1.190279524122942467e+00,2.926687300490529609e+00,1.256406164351995036e+00,1.167926857003262819e+00,9.852214674918613468e-01,6.910233903935971256e+00,1.559676617816269539e+00,1.370624906565812484e+00,1.123107993416230244e+00,2.172649961062838031e+00,3.917612921916456159e+00,1.564581261268521706e+00,2.997209886044517546e+00,3.033761226118231402e+00,1.295668856987994833e+00,2.475307667081541929e+00,1.835929302890737747e+00,1.569516848843501622e+00,2.221146611979419649e+00,2.826913869791988443e+00,1.610151589266634264e+00,2.487684205416949901e+00,2.704004571105380617e+00,1.877497513522226047e+00,1.758080710542013980e+00,3.361735412725607830e+00,2.014319194669595081e+00,2.153839138889134031e+00,1.928437368540271146e+00,2.525567721235482122e+00,3.169024465499299392e+00,2.231106910687847389e+00,2.646472558954202192e+00,2.380559048245884934e+00,2.500185131072311329e+00,2.380559048245884934e+00,1.540361737100278683e+00,2.538453270833622266e+00,2.944004976824792674e+00,1.579482035185364897e+00,1.990147364333559876e+00,1.951124866993686258e+00,1.642035779153102171e+00,1.758080710542013980e+00,2.979262521457425095e+00,1.733577843496132198e+00,1.498604943022258773e+00,1.288955546848160605e+00,2.221146611979419649e+00,2.271857721841963329e+00,1.176210026201867542e+00,1.990147364333559876e+00,2.144555349497370589e+00,1.184611526389023783e+00,1.526186629090153346e+00,1.476370448318664597e+00,1.450544726190641232e+00,1.370624906565812484e+00,7.630933145450766730e-01,1.421533831666828451e+00,1.138528240465423336e+00,1.425606994508280545e+00,1.165191665300679080e+00,1.751890285504894340e+00,9.930875071524748465e-01,1.599796916666848867e+00,1.069971701254602170e+00,8.376041095679965798e-01,1.250092565536155664e+00,9.717516427409961244e-01,1.323236279477101096e+00,7.725727346015371921e-01,8.698196522436887346e-01,1.036535085590395644e+00,2.006196939852379124e+00,4.835149087302137993e-01,1.262783860617741061e+00,1.065389381334882035e+00,5.051135442470964243e-01,4.702616645400660711e-01,4.581370544045947901e-01,6.843697951628472387e-01,5.000370262144622213e-01,0.000000000000000000e+00,0.000000000000000000e+00,0.000000000000000000e+00,0.000000000000000000e+00,0.000000000000000000e+00,0.000000000000000000e+00,0.000000000000000000e+00,0.000000000000000000e+00
0.000000000000000000e+00,0.000000000000000000e+00,0.000000000000000000e+00,0.000000000000000000e+00,0.000000000000000000e+00,0.000000000000000000e+00,0.000000000000000000e+00,0.000000000000000000e+00,1.023738356138662375e+00,5.686135326667314249e-01,6.386865739196276870e-01,6.572481388155746451e-01,5.372968046256911823e-01,6.089802216442961047e-01,4.816426341562342062e-01,8.361963715687226184e-01,5.248278914381750981e-01,6.165264449608302000e-01,6.188269167703854823e-01,6.581175146605687809e-01,5.965669557354795760e-01,1.083958259440936711e+00,6.338048930998598784e-01,5.056268710197052707e-01,7.922561163748248481e-01,6.787678595953478000e-01,5.534336385799665248e-01,1.213504490447292694e+00,7.654412939744461575e-01,1.385896493268495844e+00,8.390165954188700814e-01,6.563810568382453248e-01,7.689904808089488286e-01,7.284580396535723645e-01,9.755624334968431288e-01,1.615379354166850634e+00,9.494977883270799834e-01,9.911092451860357144e-01,2.487684205416949901e+00,1.027968679924359474e+00,1.015381308333448862e+00,8.103205880836970021e-01,8.432827814972711167e+00,1.240740252078279315e+00,1.034380126992494597e+00,9.062601841227504451e-01,1.739639304487377469e+00,2.826913869791988443e+00,1.135928860920981665e+00,2.718780552368250891e+00,2.144555349497370589e+00,1.083958259440936711e+00,1.856480750311156447e+00,1.751890285504894340e+00,1.190279524122942467e+00,1.935941015888676731e+00,2.047476712277324751e+00,1.282311446091211060e+00,2.055937359848718948e+00,1.898995576654159967e+00,1.594669362446762717e+00,1.417483877730455921e+00,2.618614953070473206e+00,1.574483674314525183e+00,1.680867706362803915e+00,1.246959501462130193e+00,1.990147364333559876e+00,2.392004043670143965e+00,1.928437368540271146e+00,1.958806460958228080e+00,1.863433861735543040e+00,1.789700867206438728e+00,1.802669714070253226e+00,1.207613691949975587e+00,1.928437368540271146e+00,2.303411301311990567e+00,1.389767712523435561e+00,1.703893291381472608e+00,1.516880613059115701e+00,1.275735489957410262e+00,1.459052319892639060e+00,2.261531095833590577e+00,1.344694165090243088e+00,1.204689687853244484e+00,1.130765547916795288e+00,1.863433861735543040e+00,1.906271421775440622e+00,8.011865395867793227e-01,1.636634345669045754e+00,2.117178047163361665e+00,9.604958322073163801e-01,1.330312409313876731e+00,1.222449240991130281e+00,1.125648961727126585e+00,1.083958259440936711e+00,6.478344284939974163e-01,1.250092565536155664e+00,9.247896674412452445e-01,1.081601828442152025e+00,8.932438798624594556e-01,1.620641176167394004e+00,8.347933575224664171e-01,1.341069652515875843e+00,9.476892211112188935e-01,7.189838743979622970e-01,1.051874928294693312e+00,7.973346812233813585e-01,1.032234110131514448e+00,6.760011427763451541e-01,7.810625448718837571e-01,9.774790591029272058e-01,2.126225816595683771e+00,4.267039803459605207e-01,1.009202517410527244e+00,1.009202517410527244e+00,4.041729009613241330e-01,3.839018835519983908e-01,3.818394789588564486e-01,5.666706618261844186e-01,5.338378123212338400e-01,0.000000000000000000e+00,0.000000000000000000e+00,0.000000000000000000e+00,0.000000000000000000e+00,0.000000000000000000e+00,0.000000000000000000e+00,0.000000000000000000e+00,0.000000000000000000e+00
0.000000000000000000e+00,0.000000000000000000e+00,0.000000000000000000e+00,0.000000000000000000e+00,0.000000000000000000e+00,0.000000000000000000e+00,0.000000000000000000e+00,0.000000000000000000e+00,0.000000000000000000e+00,8.900480162493559222e-01,9.871762719908531158e-01,8.652814627537216419e-01,7.678037671039967815e-01,8.759451427524471701e-01,7.037296196370438350e-01,1.389767712523435561e+00,7.349140931807828236e-01,9.990699620148392190e-01,9.282403751555782234e-01,9.852214674918613468e-01,9.162741088091895802e-01,1.599796916666848867e+00,9.013348570351266131e-01,8.076896770834253170e-01,1.074593609251382365e+00,1.038699041927745315e+00,8.548742973941407808e-01,1.776917289583535675e+00,1.072277674748685294e+00,2.117178047163361665e+00,1.213504490447292694e+00,9.317169308677715200e-01,1.219453041871053856e+00,1.108099868782605801e+00,1.467660298181091338e+00,2.564622892182422120e+00,1.446328026405203415e+00,1.554802628385593799e+00,4.216413907486355583e+00,1.652946315891660856e+00,1.489631260728712547e+00,1.228486027366394895e+00,9.213645205247962267e+00,1.856480750311156447e+00,1.669586715044932834e+00,1.463343650245264804e+00,2.810942604990903870e+00,4.482313883634143181e+00,1.822479271367728693e+00,3.769218493055984887e+00,3.384604361111496207e+00,1.692302180555748103e+00,3.148967348629050367e+00,2.163203656884304049e+00,2.014319194669595081e+00,2.997209886044517546e+00,3.052373258180306692e+00,1.835929302890737747e+00,3.015374794444787732e+00,3.015374794444787732e+00,2.055937359848718948e+00,2.292796502688433158e+00,3.980294728667119752e+00,2.487684205416949901e+00,2.718780552368250891e+00,1.863433861735543040e+00,2.826913869791988443e+00,3.827206469872230343e+00,2.961528815972559237e+00,3.169024465499299392e+00,3.431288559195792676e+00,2.632470058642275124e+00,3.384604361111496207e+00,1.770593740510284730e+00,2.689388330180486175e+00,2.779535425046871122e+00,2.108206953743177792e+00,2.380559048245884934e+00,2.335853714006525639e+00,1.906271421775440622e+00,2.039085414276188502e+00,3.339173430089865668e+00,1.815827887165656795e+00,1.951124866993686258e+00,1.698077955916006632e+00,2.748822326427569074e+00,2.564622892182422120e+00,1.138528240465423336e+00,2.117178047163361665e+00,2.748822326427569074e+00,1.397575396301657280e+00,1.958806460958228080e+00,2.006196939852379124e+00,1.842729041049592675e+00,1.680867706362803915e+00,8.948504336032193640e-01,1.647472983719834305e+00,1.363114633105177997e+00,1.516880613059115701e+00,1.272472739343708303e+00,2.324938509735467118e+00,1.275735489957410262e+00,1.958806460958228080e+00,1.535607534207993563e+00,1.009202517410527244e+00,1.397575396301657280e+00,1.120578470908535795e+00,1.658456136944633341e+00,1.015381308333448862e+00,1.110573305989709825e+00,1.507687397222393866e+00,2.618614953070473206e+00,6.104746516360612940e-01,1.421533831666828451e+00,1.282311446091211060e+00,5.361388373743426472e-01,5.161170550657572242e-01,5.071731305641080656e-01,8.805961789086548253e-01,7.909965677001430384e-01,0.000000000000000000e+00,0.000000000000000000e+00,0.000000000000000000e+00,0.000000000000000000e+00,0.000000000000000000e+00,0.000000000000000000e+00,0.000000000000000000e+00,0.000000000000000000e+00
0.000000000000000000e+00,0.000000000000000000e+00,0.000000000000000000e+00,0.000000000000000000e+00,0.000000000000000000e+00,0.000000000000000000e+00,0.000000000000000000e+00,0.000000000000000000e+00,0.000000000000000000e+00,9.247896674412452445e-01,8.884586447917678376e-01,9.513132716699617131e-01,7.701808685501393414e-01,8.805961789086548253e-01,7.007561142019577138e-01,1.309307476535236603e+00,6.958557217949509210e-01,9.013348570351266131e-01,9.112396356838643463e-01,9.642186842701355731e-01,8.519466456907363039e-01,1.703893291381472608e+00,8.759451427524471701e-01,7.960589457334238395e-01,1.054103476871588896e+00,1.003098469926189562e+00,8.868749395425846727e-01,1.680867706362803915e+00,1.058589023581680832e+00,1.770593740510284730e+00,1.259586939451620147e+00,9.334649926517635254e-01,1.098315322479889611e+00,9.623536578015280396e-01,1.437967748795924594e+00,2.689388330180486175e+00,1.348338322719214055e+00,1.599796916666848867e+00,3.090290938406148769e+00,1.540361737100278683e+00,1.397575396301657280e+00,1.344694165090243088e+00,8.884586447917678598e+00,1.770593740510284730e+00,1.783286168757669987e+00,1.234582732216848555e+00,2.660624818627753463e+00,3.631655774331313591e+00,1.789700867206438728e+00,3.528630078605602183e+00,2.810942604990903870e+00,1.692302180555748103e+00,3.189338724893525434e+00,2.335853714006525639e+00,1.877497513522226047e+00,3.015374794444787732e+00,3.230758708333701268e+00,1.680867706362803915e+00,3.230758708333701268e+00,2.810942604990903870e+00,1.906271421775440622e+00,2.047476712277324751e+00,2.843067663333656903e+00,2.081744104951422258e+00,2.403559618760338079e+00,1.692302180555748103e+00,2.646472558954202192e+00,2.718780552368250891e+00,2.427008980894585388e+00,3.189338724893525434e+00,2.660624818627753463e+00,2.591337713975989665e+00,2.843067663333656903e+00,2.006196939852379124e+00,2.718780552368250891e+00,3.579401734412877456e+00,2.261531095833590577e+00,2.438906083742107711e+00,2.271857721841963329e+00,1.982218490372071429e+00,2.117178047163361665e+00,3.071215068415987126e+00,1.982218490372071429e+00,1.809224876666872595e+00,1.549959006490311264e+00,2.500185131072311329e+00,2.591337713975989665e+00,1.130765547916795288e+00,2.251297923454253169e+00,2.415227383899951175e+00,1.429703566331580467e+00,1.898995576654159967e+00,1.664002812987926294e+00,1.647472983719834305e+00,1.584512232749649696e+00,9.334649926517635254e-01,1.625937389161405289e+00,1.363114633105177997e+00,1.715644279597896338e+00,1.348338322719214055e+00,2.201490447271636786e+00,1.237653833540770965e+00,1.974352543981706232e+00,1.385896493268495844e+00,1.040872052475711129e+00,1.526186629090153346e+00,1.190279524122942467e+00,1.417483877730455921e+00,9.774790591029272058e-01,1.105637424629755339e+00,1.295668856987994833e+00,2.380559048245884934e+00,5.853374600981058329e-01,1.292303483333480330e+00,1.348338322719214055e+00,5.522051510359489157e-01,5.051135442470964243e-01,5.000370262144622213e-01,9.282403751555782234e-01,9.013348570351266131e-01,0.000000000000000000e+00,0.000000000000000000e+00,0.000000000000000000e+00,0.000000000000000000e+00,0.000000000000000000e+00,0.000000000000000000e+00,0.000000000000000000e+00,0.000000000000000000e+00
0.000000000000000000e+00,0.000000000000000000e+00,0.000000000000000000e+00,0.000000000000000000e+00,0.000000000000000000e+00,0.000000000000000000e+00,0.000000000000000000e+00,0.000000000000000000e+00,0.000000000000000000e+00,6.919844799490820764e-01,6.346133177084055665e-01,6.714397315565316937e-01,5.559070850093742466e-01,5.930117295392013377e-01,5.046012587052636222e-01,7.998984583334244336e-01,4.990339429121262715e-01,6.297934697258100734e-01,6.769208722222992414e-01,6.354238072584801333e-01,5.923057631945118917e-01,1.187438761535536846e+00,6.305916870511912853e-01,5.188079677616161955e-01,7.515662252014954081e-01,7.138261708513484738e-01,5.894986268760544768e-01,1.181797722288337349e+00,7.737742474080714361e-01,1.282311446091211060e+00,8.169734664751887587e-01,6.714397315565316937e-01,7.381852241593322983e-01,6.660466413432262200e-01,9.282403751555782234e-01,1.549959006490311264e+00,9.494977883270799834e-01,9.213645205247963377e-01,2.604904927138167459e+00,9.568016174680575858e-01,9.813349922749308174e-01,7.572859072806544800e-01,6.723470825451215660e+00,1.154377821539187776e+00,1.081601828442152025e+00,9.112396356838643463e-01,1.715644279597896338e+00,2.500185131072311329e+00,1.159759536324918461e+00,2.380559048245884934e+00,2.022507484078821083e+00,1.007159597334797541e+00,2.303411301311990567e+00,1.446328026405203415e+00,1.275735489957410262e+00,2.014319194669595081e+00,2.006196939852379124e+00,1.193133911470959152e+00,1.951124866993686258e+00,1.943503285481992249e+00,1.305870973972152127e+00,1.421533831666828451e+00,2.182179127558727671e+00,1.459052319892639060e+00,1.709748594788281562e+00,1.246959501462130193e+00,1.822479271367728693e+00,1.906271421775440622e+00,1.739639304487377469e+00,1.898995576654159967e+00,1.776917289583535675e+00,1.776917289583535675e+00,1.727558475983992814e+00,1.098315322479889611e+00,1.796161881167472663e+00,2.135351249284935360e+00,1.309307476535236603e+00,1.664002812987926294e+00,1.454786085039152077e+00,1.204689687853244484e+00,1.397575396301657280e+00,2.231106910687847389e+00,1.125648961727126585e+00,1.154377821539187776e+00,1.036535085590395644e+00,1.913603234936115172e+00,1.664002812987926294e+00,8.418559070784938925e-01,1.569516848843501622e+00,1.898995576654159967e+00,8.652814627537216419e-01,1.288955546848160605e+00,1.110573305989709825e+00,1.162469254867733559e+00,1.123107993416230244e+00,5.846496369957578931e-01,1.204689687853244484e+00,9.623536578015280396e-01,1.076919569444567015e+00,8.390165954188700814e-01,1.459052319892639060e+00,8.306124225098330260e-01,1.437967748795924594e+00,8.868749395425846727e-01,7.158803468825755134e-01,1.047445981228189327e+00,8.142992489089851960e-01,9.698573900261011627e-01,6.219210513542374752e-01,7.295261599463195301e-01,9.230739166667717432e-01,1.776917289583535675e+00,3.970764892924102396e-01,9.755624334968431288e-01,8.652814627537216419e-01,3.403124768012242840e-01,3.496393823495361208e-01,3.699158669764980867e-01,7.263311548662627626e-01,7.678037671039967815e-01,0.000000000000000000e+00,0.000000000000000000e+00,0.000000000000000000e+00,0.000000000000000000e+00,0.000000000000000000e+00,0.000000000000000000e+00,0.000000000000000000e+00,0.000000000000000000e+00
0.000000000000000000e+00,0.000000000000000000e+00,0.000000000000000000e+00,0.000000000000000000e+00,0.000000000000000000e+00,0.000000000000000000e+00,0.000000000000000000e+00,0.000000000000000000e+00,0.000000000000000000e+00,9.717516427409961244e-01,8.418559070784938925e-01,7.998984583334244336e-01,6.529354869860760635e-01,7.897410175926824483e-01,6.089802216442961047e-01,9.970678178023847371e-01,5.901979135034282065e-01,8.548742973941407808e-01,8.504903266382733973e-01,8.090029936315283887e-01,7.169118747599279029e-01,1.250092565536155664e+00,7.998984583334244336e-01,7.128034972541402725e-01,8.852968702551423652e-01,8.519466456907363039e-01,7.338301490905456692e-01,1.446328026405203415e+00,9.755624334968431288e-01,1.776917289583535675e+00,1.034380126992494597e+00,8.223749439394875127e-01,9.405233290801321422e-01,8.183171728345228768e-01,1.295668856987994833e+00,1.966548778985731216e+00,1.141139543769243092e+00,1.312762113676490650e+00,2.810942604990903870e+00,1.282311446091211060e+00,1.198883954417807152e+00,1.013313321962097779e+00,6.142430136831974252e+00,1.589574572151405629e+00,1.393660619281204216e+00,1.128201453703832069e+00,2.073070171180791288e+00,3.553834579167071350e+00,1.433823749519855806e+00,2.604904927138167459e+00,2.427008980894585388e+00,1.299051804395274123e+00,2.450920399425566387e+00,1.822479271367728693e+00,1.642035779153102171e+00,2.251297923454253169e+00,2.764093561574388680e+00,1.564581261268521706e+00,2.487684205416949901e+00,2.144555349497370589e+00,1.796161881167472663e+00,1.751890285504894340e+00,2.875935497591849188e+00,1.709748594788281562e+00,1.783286168757669987e+00,1.530882587948892315e+00,2.403559618760338079e+00,2.487684205416949901e+00,2.201490447271636786e+00,2.733718907051593039e+00,2.674929253136505203e+00,2.221146611979419649e+00,2.211274849259510678e+00,1.485184600248925069e+00,2.292796502688433158e+00,2.779535425046871122e+00,1.599796916666848867e+00,2.163203656884304049e+00,1.815827887165656795e+00,1.545145469203074384e+00,1.584512232749649696e+00,2.660624818627753463e+00,1.579482035185364897e+00,1.476370448318664597e+00,1.222449240991130281e+00,1.920991664414632760e+00,1.966548778985731216e+00,1.025849156872969070e+00,1.974352543981706232e+00,2.153839138889134031e+00,1.149045822363487179e+00,1.494104627878047875e+00,1.363114633105177997e+00,1.344694165090243088e+00,1.393660619281204216e+00,7.295261599463195301e-01,1.615379354166850634e+00,1.143762853065264373e+00,1.326764909555706584e+00,1.086324980531419016e+00,1.856480750311156447e+00,1.081601828442152025e+00,1.615379354166850634e+00,1.181797722288337349e+00,9.079139435828283977e-01,1.269226635416811133e+00,1.013313321962097779e+00,1.256406164351995036e+00,7.847584244217508109e-01,8.607903824972145124e-01,1.170674920196211666e+00,2.292796502688433158e+00,5.056268710197052707e-01,1.105637424629755339e+00,1.017457752726768749e+00,4.514853367362885450e-01,3.887006570963984498e-01,4.560374345402291030e-01,9.736533093608414902e-01,0.000000000000000000e+00,0.000000000000000000e+00,0.000000000000000000e+00,0.000000000000000000e+00,0.000000000000000000e+00,0.000000000000000000e+00,0.000000000000000000e+00,0.000000000000000000e+00,0.000000000000000000e+00
0.000000000000000000e+00,0.000000000000000000e+00,0.000000000000000000e+00,0.000000000000000000e+00,0.000000000000000000e+00,0.000000000000000000e+00,0.000000000000000000e+00,0.000000000000000000e+00,0.000000000000000000e+00,8.404338531814019575e-01,7.689904808089488286e-01,7.749795032451556320e-01,6.165264449608302000e-01,6.862577118391585129e-01,5.292945117908404162e-01,9.549651460333780095e-01,5.264940117284550025e-01,7.037296196370438350e-01,7.327493977664064628e-01,7.642655008961444230e-01,6.824922374257750279e-01,1.295668856987994833e+00,6.444777734240803024e-01,5.577767276719618472e-01,7.859981691680726357e-01,7.561350168440575947e-01,6.242620339816686847e-01,1.348338322719214055e+00,8.196653065624217582e-01,1.370624906565812484e+00,8.347933575224664171e-01,6.589891934879337221e-01,7.947872860757028146e-01,7.642655008961444230e-01,1.083958259440936711e+00,1.802669714070253226e+00,9.476892211112188935e-01,1.105637424629755339e+00,2.324938509735467118e+00,1.128201453703832069e+00,1.076919569444567015e+00,8.698196522436887346e-01,7.538436986111969773e+00,1.279015015638534702e+00,1.141139543769243092e+00,9.369808683303012531e-01,1.727558475983992814e+00,2.591337713975989665e+00,1.108099868782605801e+00,2.006196939852379124e+00,2.182179127558727671e+00,1.105637424629755339e+00,1.863433861735543040e+00,1.669586715044932834e+00,1.210551924777104604e+00,1.990147364333559876e+00,2.346871891902782892e+00,1.323236279477101096e+00,2.748822326427569074e+00,1.829179562806580783e+00,1.363114633105177997e+00,1.494104627878047875e+00,2.618614953070473206e+00,1.559676617816269539e+00,1.658456136944633341e+00,1.295668856987994833e+00,1.863433861735543040e+00,2.282279087538486184e+00,1.733577843496132198e+00,1.990147364333559876e+00,2.073070171180791288e+00,1.692302180555748103e+00,1.974352543981706232e+00,1.256406164351995036e+00,2.090490928921806546e+00,1.974352543981706232e+00,1.467660298181091338e+00,1.594669362446762717e+00,1.698077955916006632e+00,1.463343650245264804e+00,1.442135771256202847e+00,2.324938509735467118e+00,1.463343650245264804e+00,1.181797722288337349e+00,1.138528240465423336e+00,1.935941015888676731e+00,1.928437368540271146e+00,8.490389779580033158e-01,1.526186629090153346e+00,1.669586715044932834e+00,9.531357108877203110e-01,1.569516848843501622e+00,1.198883954417807152e+00,1.382046780787194340e+00,1.253241413308286978e+00,6.395075078192673512e-01,1.157062421124162688e+00,9.930875071524748465e-01,1.170674920196211666e+00,9.852214674918613468e-01,1.545145469203074384e+00,8.667889217480660990e-01,1.382046780787194340e+00,1.110573305989709825e+00,7.998984583334244336e-01,1.098315322479889611e+00,8.916430843788349936e-01,1.204689687853244484e+00,7.786179046688418426e-01,7.897410175926824483e-01,1.025849156872969070e+00,2.191792251468678288e+00,4.494461075730713517e-01,9.162741088091895802e-01,9.179646514453688733e-01,3.766365186096820028e-01,3.375419546020284600e-01,4.434374697712923363e-01,1.170674920196211666e+00,0.000000000000000000e+00,0.000000000000000000e+00,0.000000000000000000e+00,0.000000000000000000e+00,0.000000000000000000e+00,0.000000000000000000e+00,0.000000000000000000e+00,0.000000000000000000e+00,0.000000000000000000e+00
0.000000000000000000e+00,0.000000000000000000e+00,0.000000000000000000e+00,0.000000000000000000e+00,0.000000000000000000e+00,0.000000000000000000e+00,0.000000000000000000e+00,0.000000000000000000e+00,0.000000000000000000e+00,1.005124931481595763e+00,7.470523139390239376e-01,6.289972706490392085e-01,4.733937593562226320e-01,5.226227322304516365e-01,4.263383385461781971e-01,8.011865395867793227e-01,4.349098261218443673e-01,6.119764342969126192e-01,6.195975605023537058e-01,5.686135326667314249e-01,5.473452597177007606e-01,1.015381308333448862e+00,5.361388373743426472e-01,4.594061321176269308e-01,6.469919910057086998e-01,6.119764342969126192e-01,5.000370262144622213e-01,9.930875071524748465e-01,6.274108967003656501e-01,1.181797722288337349e+00,7.448156303643562737e-01,5.785312105620813439e-01,6.741691613596070276e-01,6.074930904559096012e-01,8.306124225098330260e-01,1.512270033688115189e+00,7.761885196308735413e-01,8.024787759409515164e-01,2.126225816595683771e+00,8.884586447917678376e-01,7.909965677001430384e-01,7.179463796297113065e-01,4.402980894543273571e+00,1.100745223635818393e+00,9.950736821667799381e-01,7.370916164198368925e-01,1.405471302495451935e+00,2.231106910687847389e+00,9.813349922749308174e-01,2.030762616666897724e+00,1.829179562806580783e+00,8.652814627537216419e-01,1.709748594788281562e+00,1.240740252078279315e+00,1.036535085590395644e+00,1.620641176167394004e+00,1.863433861735543040e+00,9.990699620148392190e-01,1.863433861735543040e+00,1.604957551881903033e+00,1.222449240991130281e+00,1.262783860617741061e+00,1.870439252193195401e+00,1.130765547916795288e+00,1.246959501462130193e+00,9.970678178023847371e-01,1.417483877730455921e+00,1.776917289583535675e+00,1.243842102708474950e+00,1.610151589266634264e+00,1.378218396352880681e+00,1.446328026405203415e+00,1.417483877730455921e+00,1.001080163145653845e+00,1.498604943022258773e+00,1.770593740510284730e+00,1.098315322479889611e+00,1.382046780787194340e+00,1.302452463569083729e+00,1.095896125734339144e+00,1.135928860920981665e+00,1.982218490372071429e+00,1.146398251344216579e+00,9.642186842701355731e-01,8.418559070784938925e-01,1.366859453525796519e+00,1.480764407986279618e+00,7.749795032451556320e-01,1.292303483333480330e+00,1.564581261268521706e+00,7.654412939744461575e-01,1.069971701254602170e+00,9.950736821667799381e-01,1.034380126992494597e+00,9.568016174680575858e-01,5.298581907171352468e-01,1.110573305989709825e+00,8.306124225098330260e-01,9.079139435828283977e-01,7.210678856281014237e-01,1.309307476535236603e+00,7.210678856281014237e-01,1.210551924777104604e+00,8.774900195474250042e-01,6.354238072584801333e-01,9.247896674412452445e-01,7.169118747599279029e-01,9.282403751555782234e-01,6.258325045074087933e-01,6.687323132841263007e-01,8.404338531814019575e-01,1.526186629090153346e+00,3.421848975814236193e-01,8.320014064939631471e-01,6.338048930998598784e-01,2.702535801647962810e-01,2.776433264974274562e-01,4.180981857843613092e-01,1.120578470908535795e+00,0.000000000000000000e+00,0.000000000000000000e+00,0.000000000000000000e+00,0.000000000000000000e+00,0.000000000000000000e+00,0.000000000000000000e+00,0.000000000000000000e+00,0.000000000000000000e+00,0.000000000000000000e+00
0.000000000000000000e+00,0.000000000000000000e+00,0.000000000000000000e+00,0.000000000000000000e+00,0.000000000000000000e+00,0.000000000000000000e+00,0.000000000000000000e+00,0.000000000000000000e+00,0.000000000000000000e+00,0.000000000000000000e+00,1.095896125734339144e+00,8.790403552710069901e-01,6.370510129108706288e-01,7.448156303643562737e-01,5.609209031379819299e-01,9.334649926517635254e-01,5.725395179325546424e-01,7.786179046688418426e-01,7.381852241593322983e-01,7.077337711001279175e-01,7.189838743979622970e-01,1.292303483333480330e+00,6.714397315565316937e-01,5.888009953649585571e-01,9.046124383334362973e-01,8.278483212701996941e-01,6.872055816068922685e-01,1.256406164351995036e+00,8.490389779580033158e-01,1.530882587948892315e+00,8.932438798624594556e-01,7.360012442061981686e-01,8.964627767268288361e-01,8.306124225098330260e-01,1.100745223635818393e+00,1.727558475983992814e+00,1.001080163145653845e+00,1.088702059263435329e+00,2.346871891902782892e+00,1.146398251344216579e+00,1.105637424629755339e+00,9.062601841227504451e-01,6.546537382676183014e+00,1.282311446091211060e+00,1.352002285552690308e+00,9.774790591029272058e-01,2.030762616666897724e+00,2.764093561574388680e+00,1.219453041871053856e+00,2.369223052778047567e+00,2.211274849259510678e+00,1.201779809380169040e+00,2.427008980894585388e+00,1.658456136944633341e+00,1.256406164351995036e+00,1.998139924029678438e+00,2.126225816595683771e+00,1.250092565536155664e+00,2.314124842248325375e+00,2.221146611979419649e+00,1.498604943022258773e+00,1.526186629090153346e+00,2.335853714006525639e+00,1.540361737100278683e+00,1.758080710542013980e+00,1.363114633105177997e+00,1.849579334882490489e+00,2.475307667081541929e+00,1.664002812987926294e+00,2.211274849259510678e+00,2.039085414276188502e+00,1.884609246527992443e+00,1.920991664414632760e+00,1.366859453525796519e+00,2.014319194669595081e+00,2.660624818627753463e+00,1.503132450402990816e+00,1.935941015888676731e+00,1.647472983719834305e+00,1.472002488412396337e+00,1.610151589266634264e+00,2.292796502688433158e+00,1.359390276184125446e+00,1.292303483333480330e+00,1.187438761535536846e+00,2.081744104951422258e+00,1.783286168757669987e+00,9.531357108877203110e-01,1.796161881167472663e+00,1.990147364333559876e+00,1.001080163145653845e+00,1.489631260728712547e+00,1.312762113676490650e+00,1.234582732216848555e+00,1.385896493268495844e+00,6.881560734210095953e-01,1.472002488412396337e+00,1.063112908297841885e+00,1.348338322719214055e+00,1.007159597334797541e+00,1.675208219135993160e+00,9.950736821667799381e-01,1.480764407986279618e+00,1.069971701254602170e+00,8.868749395425846727e-01,1.113057810029955075e+00,8.667889217480660990e-01,1.295668856987994833e+00,7.360012442061981686e-01,9.013348570351266131e-01,1.083958259440936711e+00,1.982218490372071429e+00,4.051602940418485010e-01,9.352196260965977004e-01,8.142992489089851960e-01,3.613194198136455704e-01,3.685458082099184463e-01,6.563810568382453248e-01,0.000000000000000000e+00,0.000000000000000000e+00,0.000000000000000000e+00,0.000000000000000000e+00,0.000000000000000000e+00,0.000000000000000000e+00,0.000000000000000000e+00,0.000000000000000000e+00,0.000000000000000000e+00,0.000000000000000000e+00
0.000000000000000000e+00,0.000000000000000000e+00,0.000000000000000000e+00,0.000000000000000000e+00,0.000000000000000000e+00,0.000000000000000000e+00,0.000000000000000000e+00,0.000000000000000000e+00,0.000000000000000000e+00,0.000000000000000000e+00,0.000000000000000000e+00,1.069971701254602170e+00,7.189838743979622970e-01,7.835225843832913650e-01,5.958525042914849523e-01,9.950736821667799381e-01,6.512262317845418647e-01,8.050757946333171322e-01,8.418559070784938925e-01,8.264731579458304278e-01,6.978076312530013814e-01,1.370624906565812484e+00,7.786179046688418426e-01,6.503749556645620489e-01,9.871762719908531158e-01,8.404338531814019575e-01,7.284580396535723645e-01,1.319726368921458670e+00,8.884586447917678376e-01,1.442135771256202847e+00,1.151705650655995283e+00,8.142992489089851960e-01,9.196614437770608275e-01,8.622822202485094234e-01,1.204689687853244484e+00,2.221146611979419649e+00,1.123107993416230244e+00,1.149045822363487179e+00,2.415227383899951175e+00,1.269226635416811133e+00,1.176210026201867542e+00,9.774790591029272058e-01,6.297934697258100734e+00,1.549959006490311264e+00,1.348338322719214055e+00,1.030096979468716256e+00,2.030762616666897724e+00,3.189338724893525434e+00,1.219453041871053856e+00,3.148967348629050367e+00,2.500185131072311329e+00,1.374411163213784537e+00,2.450920399425566387e+00,1.584512232749649696e+00,1.463343650245264804e+00,2.221146611979419649e+00,2.646472558954202192e+00,1.433823749519855806e+00,2.512812328703990072e+00,1.951124866993686258e+00,1.776917289583535675e+00,1.620641176167394004e+00,2.577911093696321210e+00,1.620641176167394004e+00,1.809224876666872595e+00,1.417483877730455921e+00,2.099311565752700393e+00,2.292796502688433158e+00,1.920991664414632760e+00,2.718780552368250891e+00,2.006196939852379124e+00,2.073070171180791288e+00,2.211274849259510678e+00,1.370624906565812484e+00,2.261531095833590577e+00,2.403559618760338079e+00,1.564581261268521706e+00,1.982218490372071429e+00,1.658456136944633341e+00,1.516880613059115701e+00,1.494104627878047875e+00,2.380559048245884934e+00,1.413456934895994221e+00,1.393660619281204216e+00,1.295668856987994833e+00,2.163203656884304049e+00,2.073070171180791288e+00,9.549651460333780095e-01,1.920991664414632760e+00,2.182179127558727671e+00,1.228486027366394895e+00,1.480764407986279618e+00,1.425606994508280545e+00,1.485184600248925069e+00,1.363114633105177997e+00,7.549876192464187730e-01,1.299051804395274123e+00,1.113057810029955075e+00,1.352002285552690308e+00,1.162469254867733559e+00,1.802669714070253226e+00,1.056341488499766390e+00,1.727558475983992814e+00,1.143762853065264373e+00,8.932438798624594556e-01,1.323236279477101096e+00,1.076919569444567015e+00,1.341069652515875843e+00,8.900480162493559222e-01,9.062601841227504451e-01,1.118060317041325691e+00,2.201490447271636786e+00,4.572948907016451958e-01,9.405233290801321422e-01,8.563456817270050925e-01,3.334697326296179321e-01,3.926889037753669709e-01,8.852968702551423652e-01,0.000000000000000000e+00,0.000000000000000000e+00,0.000000000000000000e+00,0.000000000000000000e+00,0.000000000000000000e+00,0.000000000000000000e+00,0.000000000000000000e+00,0.000000000000000000e+00,0.000000000000000000e+00,0.000000000000000000e+00
0.000000000000000000e+00,0.000000000000000000e+00,0.000000000000000000e+00,0.000000000000000000e+00,0.000000000000000000e+00,0.000000000000000000e+00,0.000000000000000000e+00,0.000000000000000000e+00,0.000000000000000000e+00,0.000000000000000000e+00,0.000000000000000000e+00,9.871762719908531158e-01,6.572481388155746451e-01,7.284580396535723645e-01,5.805564073318435492e-01,9.440926775775900781e-01,5.372968046256911823e-01,7.481757008772781381e-01,7.087419388652279606e-01,7.007561142019577138e-01,6.824922374257750279e-01,1.181797722288337349e+00,6.411557230456055301e-01,5.712248462495865819e-01,8.333950436907704429e-01,7.774013141927968995e-01,6.461517416667401648e-01,1.326764909555706584e+00,8.251025556938472727e-01,1.498604943022258773e+00,9.476892211112188935e-01,6.987876981508286400e-01,8.475925742476830838e-01,7.200243720454269081e-01,1.023738356138662375e+00,1.703893291381472608e+00,1.025849156872969070e+00,9.832743894928656081e-01,2.438906083742107711e+00,1.081601828442152025e+00,1.013313321962097779e+00,9.458875305767869834e-01,5.528187123148777360e+00,1.265997051102773607e+00,1.292303483333480330e+00,9.029706734725770900e-01,1.703893291381472608e+00,2.979262521457425095e+00,1.076919569444567015e+00,2.646472558954202192e+00,2.135351249284935360e+00,1.135928860920981665e+00,2.525567721235482122e+00,1.540361737100278683e+00,1.437967748795924594e+00,1.751890285504894340e+00,2.201490447271636786e+00,1.299051804395274123e+00,2.047476712277324751e+00,1.891775061153573967e+00,1.393660619281204216e+00,1.494104627878047875e+00,2.211274849259510678e+00,1.540361737100278683e+00,1.574483674314525183e+00,1.256406164351995036e+00,1.898995576654159967e+00,2.039085414276188502e+00,1.686565562994542411e+00,1.870439252193195401e+00,2.117178047163361665e+00,1.733577843496132198e+00,1.680867706362803915e+00,1.237653833540770965e+00,1.776917289583535675e+00,2.261531095833590577e+00,1.246959501462130193e+00,1.692302180555748103e+00,1.631268331420950624e+00,1.454786085039152077e+00,1.385896493268495844e+00,2.126225816595683771e+00,1.326764909555706584e+00,1.079255620571344831e+00,1.065389381334882035e+00,1.884609246527992443e+00,1.758080710542013980e+00,8.223749439394875127e-01,1.642035779153102171e+00,1.842729041049592675e+00,1.056341488499766390e+00,1.425606994508280545e+00,1.178997253752108954e+00,1.309307476535236603e+00,1.210551924777104604e+00,6.760011427763451541e-01,1.433823749519855806e+00,1.032234110131514448e+00,1.348338322719214055e+00,1.001080163145653845e+00,1.604957551881903033e+00,9.568016174680575858e-01,1.636634345669045754e+00,1.103185900406629560e+00,7.897410175926824483e-01,1.190279524122942467e+00,9.604958322073163801e-01,1.063112908297841885e+00,7.470523139390239376e-01,8.418559070784938925e-01,9.930875071524748465e-01,1.842729041049592675e+00,3.621083268438063385e-01,8.264731579458304278e-01,7.210678856281014237e-01,2.923248184978789466e-01,3.783550122307147712e-01,1.157062421124162688e+00,0.000000000000000000e+00,0.000000000000000000e+00,0.000000000000000000e+00,0.000000000000000000e+00,0.000000000000000000e+00,0.000000000000000000e+00,0.000000000000000000e+00,0.000000000000000000e+00,0.000000000000000000e+00,0.000000000000000000e+00
0.000000000000000000e+00,0.000000000000000000e+00,0.000000000000000000e+00,0.000000000000000000e+00,0.000000000000000000e+00,0.000000000000000000e+00,0.000000000000000000e+00,0.000000000000000000e+00,0.000000000000000000e+00,0.000000000000000000e+00,0.000000000000000000e+00,1.216471494091418082e+00,7.761885196308735413e-01,7.437023035626156853e-01,5.867179729756957229e-01,1.069971701254602170e+00,5.528187123148776694e-01,7.859981691680726357e-01,8.210178895765510854e-01,7.392820818475334121e-01,7.037296196370438350e-01,1.393660619281204216e+00,7.017444867184625679e-01,6.052759623885523022e-01,8.534079606919210415e-01,7.448156303643562737e-01,6.469919910057086998e-01,1.463343650245264804e+00,9.062601841227504451e-01,1.512270033688115189e+00,1.015381308333448862e+00,7.381852241593322983e-01,9.387487567611130235e-01,7.810625448718837571e-01,1.120578470908535795e+00,2.006196939852379124e+00,1.069971701254602170e+00,1.067675624642467680e+00,2.718780552368250891e+00,1.196002021835071982e+00,1.093487562820637304e+00,9.755624334968431288e-01,5.467437814103186078e+00,1.545145469203074384e+00,1.113057810029955075e+00,1.007159597334797541e+00,1.842729041049592675e+00,3.109605256771187598e+00,1.181797722288337349e+00,2.221146611979419649e+00,2.022507484078821083e+00,1.246959501462130193e+00,2.014319194669595081e+00,1.530882587948892315e+00,1.512270033688115189e+00,2.211274849259510678e+00,2.438906083742107711e+00,1.256406164351995036e+00,2.039085414276188502e+00,2.191792251468678288e+00,1.485184600248925069e+00,1.480764407986279618e+00,2.564622892182422120e+00,1.569516848843501622e+00,1.636634345669045754e+00,1.316235029321137562e+00,1.770593740510284730e+00,2.251297923454253169e+00,1.990147364333559876e+00,1.966548778985731216e+00,1.990147364333559876e+00,1.877497513522226047e+00,1.966548778985731216e+00,1.167926857003262819e+00,1.856480750311156447e+00,2.153839138889134031e+00,1.344694165090243088e+00,1.928437368540271146e+00,1.727558475983992814e+00,1.467660298181091338e+00,1.382046780787194340e+00,2.689388330180486175e+00,1.545145469203074384e+00,1.417483877730455921e+00,1.198883954417807152e+00,2.108206953743177792e+00,1.815827887165656795e+00,9.145897814032903916e-01,1.703893291381472608e+00,2.126225816595683771e+00,1.038699041927745315e+00,1.393660619281204216e+00,1.167926857003262819e+00,1.275735489957410262e+00,1.237653833540770965e+00,7.200243720454269081e-01,1.341069652515875843e+00,1.079255620571344831e+00,1.128201453703832069e+00,1.113057810029955075e+00,1.783286168757669987e+00,9.623536578015280396e-01,1.686565562994542411e+00,1.113057810029955075e+00,8.578221397989481689e-01,1.333878930518471728e+00,1.049655782876350196e+00,1.207613691949975587e+00,8.251025556938472727e-01,9.387487567611130235e-01,1.083958259440936711e+00,1.906271421775440622e+00,3.674570465903914118e-01,7.998984583334244336e-01,6.919844799490820764e-01,3.144986353245196042e-01,5.425701647583314191e-01,0.000000000000000000e+00,0.000000000000000000e+00,0.000000000000000000e+00,0.000000000000000000e+00,0.000000000000000000e+00,0.000000000000000000e+00,0.000000000000000000e+00,0.000000000000000000e+00,0.000000000000000000e+00,0.000000000000000000e+00,0.000000000000000000e+00
0.000000000000000000e+00,0.000000000000000000e+00,0.000000000000000000e+00,0.000000000000000000e+00,0.000000000000000000e+00,0.000000000000000000e+00,0.000000000000000000e+00,0.000000000000000000e+00,0.000000000000000000e+00,0.000000000000000000e+00,0.000000000000000000e+00,0.000000000000000000e+00,7.515662252014954081e-01,7.381852241593322983e-01,4.995349810074196095e-01,8.622822202485094234e-01,4.945694245361729191e-01,6.958557217949509210e-01,6.714397315565316937e-01,6.705348262579379215e-01,5.901979135034282065e-01,1.125648961727126585e+00,6.546537382676183014e-01,5.686135326667314249e-01,7.459322954773462966e-01,6.853124532829062421e-01,5.958525042914849523e-01,1.282311446091211060e+00,7.414856051913412127e-01,1.409452807601671243e+00,8.196653065624217582e-01,6.997705219175667235e-01,7.642655008961444230e-01,7.263311548662627626e-01,8.868749395425846727e-01,1.512270033688115189e+00,8.852968702551423652e-01,8.698196522436887346e-01,2.369223052778047567e+00,1.025849156872969070e+00,9.317169308677715200e-01,7.459322954773462966e-01,5.994419772089035092e+00,1.151705650655995283e+00,1.019542707138094251e+00,8.404338531814019575e-01,1.625937389161405289e+00,2.314124842248325375e+00,9.871762719908531158e-01,2.380559048245884934e+00,1.856480750311156447e+00,1.091089563779363836e+00,1.703893291381472608e+00,1.397575396301657280e+00,1.157062421124162688e+00,1.829179562806580783e+00,2.014319194669595081e+00,1.167926857003262819e+00,2.064468220263028897e+00,1.442135771256202847e+00,1.302452463569083729e+00,1.210551924777104604e+00,1.835929302890737747e+00,1.279015015638534702e+00,1.450544726190641232e+00,1.128201453703832069e+00,1.584512232749649696e+00,2.090490928921806546e+00,1.574483674314525183e+00,1.675208219135993160e+00,1.476370448318664597e+00,1.664002812987926294e+00,1.815827887165656795e+00,1.086324980531419016e+00,1.521519391692323975e+00,1.974352543981706232e+00,1.162469254867733559e+00,1.549959006490311264e+00,1.374411163213784537e+00,1.093487562820637304e+00,1.256406164351995036e+00,1.884609246527992443e+00,1.193133911470959152e+00,9.891388490723458382e-01,9.095737496954111601e-01,1.669586715044932834e+00,1.589574572151405629e+00,7.584403065295578505e-01,1.409452807601671243e+00,1.498604943022258773e+00,8.698196522436887346e-01,1.178997253752108954e+00,1.074593609251382365e+00,1.103185900406629560e+00,1.030096979468716256e+00,5.792047044044120740e-01,1.216471494091418082e+00,9.352196260965977004e-01,1.069971701254602170e+00,8.821575196514005457e-01,1.516880613059115701e+00,8.011865395867793227e-01,1.309307476535236603e+00,9.990699620148392190e-01,7.561350168440575947e-01,1.043054174179014693e+00,8.011865395867793227e-01,1.108099868782605801e+00,7.037296196370438350e-01,7.097529830005563367e-01,8.447145009904754032e-01,1.574483674314525183e+00,3.008082473297399861e-01,6.172913661084242776e-01,5.615539967081151218e-01,2.897710198505474288e-01,6.150022757520271499e-01,0.000000000000000000e+00,0.000000000000000000e+00,0.000000000000000000e+00,0.000000000000000000e+00,0.000000000000000000e+00,0.000000000000000000e+00,0.000000000000000000e+00,0.000000000000000000e+00,0.000000000000000000e+00,0.000000000000000000e+00,0.000000000000000000e+00
0.000000000000000000e+00,0.000000000000000000e+00,0.000000000000000000e+00,0.000000000000000000e+00,0.000000000000000000e+00,0.000000000000000000e+00,0.000000000000000000e+00,0.000000000000000000e+00,0.000000000000000000e+00,0.000000000000000000e+00,0.000000000000000000e+00,0.000000000000000000e+00,7.221144282777793855e-01,6.188269167703854823e-01,4.606822602623981688e-01,7.493024715111293865e-01,4.278046784895872534e-01,5.712248462495865819e-01,5.894986268760544768e-01,5.874106742424911598e-01,5.182675427951978220e-01,1.021636223990533887e+00,5.061412422008035872e-01,4.462213821375694556e-01,6.572481388155746451e-01,5.725395179325546424e-01,4.649877019470933792e-01,9.832743894928656081e-01,6.444777734240803024e-01,1.285624912360180838e+00,7.414856051913412127e-01,5.647410227961293661e-01,6.250462827680778322e-01,5.987206270558242949e-01,8.223749439394875127e-01,1.389767712523435561e+00,7.138261708513484738e-01,8.376041095679965798e-01,1.856480750311156447e+00,8.103205880836970021e-01,8.504903266382733973e-01,6.529354869860760635e-01,4.649877019470934236e+00,9.230739166667717432e-01,8.759451427524471701e-01,6.624991226143674972e-01,1.425606994508280545e+00,2.324938509735467118e+00,8.129686945807026444e-01,1.692302180555748103e+00,1.664002812987926294e+00,8.223749439394875127e-01,1.549959006490311264e+00,1.030096979468716256e+00,1.009202517410527244e+00,1.302452463569083729e+00,1.516880613059115701e+00,8.980809405837363313e-01,1.642035779153102171e+00,1.463343650245264804e+00,1.063112908297841885e+00,9.317169308677715200e-01,1.652946315891660856e+00,1.036535085590395644e+00,1.108099868782605801e+00,8.774900195474250042e-01,1.237653833540770965e+00,1.584512232749649696e+00,1.219453041871053856e+00,1.378218396352880681e+00,1.309307476535236603e+00,1.382046780787194340e+00,1.370624906565812484e+00,8.916430843788349936e-01,1.433823749519855806e+00,1.530882587948892315e+00,9.265118083489570777e-01,1.305870973972152127e+00,1.141139543769243092e+00,9.387487567611130235e-01,1.032234110131514448e+00,1.584512232749649696e+00,9.513132716699617131e-01,9.832743894928656081e-01,8.142992489089851960e-01,1.433823749519855806e+00,1.330312409313876731e+00,6.289972706490392085e-01,1.110573305989709825e+00,1.240740252078279315e+00,7.117837497616451570e-01,1.074593609251382365e+00,9.265118083489570777e-01,9.352196260965977004e-01,9.230739166667717432e-01,5.231722829478337999e-01,1.074593609251382365e+00,8.037751875337478813e-01,9.642186842701355731e-01,8.156341657104753118e-01,1.222449240991130281e+00,7.242166536876126770e-01,1.246959501462130193e+00,7.986145121723755569e-01,6.052759623885523022e-01,9.549651460333780095e-01,7.067284674479971107e-01,9.062601841227504451e-01,5.679644304604908323e-01,5.679644304604908323e-01,6.958557217949509210e-01,1.228486027366394895e+00,2.356877503947844565e-01,5.035797986673987703e-01,4.756566358349808565e-01,2.730718117911031251e-01,9.213645205247963377e-01,0.000000000000000000e+00,0.000000000000000000e+00,0.000000000000000000e+00,0.000000000000000000e+00,0.000000000000000000e+00,0.000000000000000000e+00,0.000000000000000000e+00,0.000000000000000000e+00,0.000000000000000000e+00,0.000000000000000000e+00,0.000000000000000000e+00
0.000000000000000000e+00,0.000000000000000000e+00,0.000000000000000000e+00,0.000000000000000000e+00,0.000000000000000000e+00,0.000000000000000000e+00,0.000000000000000000e+00,0.000000000000000000e+00,0.000000000000000000e+00,0.000000000000000000e+00,0.000000000000000000e+00,0.000000000000000000e+00,0.000000000000000000e+00,0.000000000000000000e+00,9.568016174680575858e-01,1.669586715044932834e+00,9.531357108877203110e-01,1.269226635416811133e+00,1.246959501462130193e+00,1.159759536324918461e+00,1.135928860920981665e+00,1.884609246527992443e+00,1.187438761535536846e+00,9.774790591029272058e-01,1.275735489957410262e+00,1.123107993416230244e+00,9.755624334968431288e-01,1.796161881167472663e+00,1.312762113676490650e+00,2.314124842248325375e+00,1.574483674314525183e+00,1.123107993416230244e+00,1.421533831666828451e+00,1.151705650655995283e+00,1.579482035185364897e+00,2.748822326427569074e+00,1.615379354166850634e+00,1.758080710542013980e+00,3.917612921916456159e+00,1.669586715044932834e+00,1.604957551881903033e+00,1.302452463569083729e+00,7.774013141927968995e+00,1.990147364333559876e+00,1.935941015888676731e+00,1.463343650245264804e+00,2.909572170078304154e+00,4.523062191667181153e+00,1.920991664414632760e+00,3.797991153308319934e+00,3.230758708333701268e+00,1.764315039302801091e+00,3.503780571009788680e+00,2.292796502688433158e+00,2.090490928921806546e+00,3.528630078605602183e+00,3.407786582762945216e+00,2.231106910687847389e+00,3.339173430089865668e+00,3.528630078605602183e+00,2.090490928921806546e+00,2.073070171180791288e+00,4.252451633191367542e+00,2.314124842248325375e+00,2.427008980894585388e+00,2.231106910687847389e+00,3.455116951967985628e+00,3.033761226118231402e+00,2.909572170078304154e+00,3.273268691338091507e+00,2.810942604990903870e+00,2.944004976824792674e+00,2.979262521457425095e+00,1.935941015888676731e+00,2.674929253136505203e+00,3.827206469872230343e+00,2.039085414276188502e+00,2.618614953070473206e+00,2.380559048245884934e+00,1.974352543981706232e+00,2.231106910687847389e+00,4.180981857843613092e+00,2.271857721841963329e+00,1.982218490372071429e+00,1.802669714070253226e+00,3.361735412725607830e+00,2.704004571105380617e+00,1.305870973972152127e+00,2.810942604990903870e+00,3.169024465499299392e+00,1.480764407986279618e+00,1.966548778985731216e+00,1.870439252193195401e+00,1.935941015888676731e+00,1.745743302046982359e+00,1.110573305989709825e+00,2.231106910687847389e+00,1.675208219135993160e+00,1.703893291381472608e+00,1.647472983719834305e+00,2.427008980894585388e+00,1.459052319892639060e+00,2.231106910687847389e+00,1.835929302890737747e+00,1.219453041871053856e+00,1.764315039302801091e+00,1.405471302495451935e+00,1.776917289583535675e+00,1.228486027366394895e+00,1.149045822363487179e+00,1.305870973972152127e+00,2.591337713975989665e+00,4.364358255117455898e-01,8.490389779580033158e-01,8.519466456907363039e-01,6.633824547778532921e-01,0.000000000000000000e+00,0.000000000000000000e+00,0.000000000000000000e+00,0.000000000000000000e+00,0.000000000000000000e+00,0.000000000000000000e+00,0.000000000000000000e+00,0.000000000000000000e+00,0.000000000000000000e+00,0.000000000000000000e+00,0.000000000000000000e+00,0.000000000000000000e+00
0.000000000000000000e+00,0.000000000000000000e+00,0.000000000000000000e+00,0.000000000000000000e+00,0.000000000000000000e+00,0.000000000000000000e+00,0.000000000000000000e+00,0.000000000000000000e+00,0.000000000000000000e+00,0.000000000000000000e+00,0.000000000000000000e+00,0.000000000000000000e+00,0.000000000000000000e+00,1.003098469926189562e+00,6.297934697258100734e-01,9.586451658639497664e-01,5.751870995183698820e-01,7.128034972541402725e-01,7.158803468825755134e-01,7.370916164198368925e-01,7.273930425195760385e-01,1.157062421124162688e+00,7.117837497616451570e-01,5.908988611441686745e-01,7.713749474161084585e-01,7.810625448718837571e-01,6.134856240239087155e-01,1.285624912360180838e+00,8.578221397989481689e-01,1.521519391692323975e+00,8.805961789086548253e-01,7.231640132026017076e-01,8.037751875337478813e-01,7.414856051913412127e-01,9.458875305767869834e-01,1.783286168757669987e+00,1.040872052475711129e+00,9.717516427409961244e-01,2.369223052778047567e+00,1.025849156872969070e+00,1.036535085590395644e+00,8.196653065624217582e-01,4.926107337459306734e+00,1.176210026201867542e+00,1.176210026201867542e+00,8.868749395425846727e-01,1.715644279597896338e+00,2.704004571105380617e+00,1.054103476871588896e+00,2.163203656884304049e+00,2.135351249284935360e+00,1.165191665300679080e+00,1.958806460958228080e+00,1.397575396301657280e+00,1.170674920196211666e+00,1.822479271367728693e+00,1.870439252193195401e+00,1.162469254867733559e+00,1.822479271367728693e+00,1.770593740510284730e+00,1.348338322719214055e+00,1.333878930518471728e+00,2.221146611979419649e+00,1.393660619281204216e+00,1.459052319892639060e+00,1.213504490447292694e+00,1.599796916666848867e+00,2.090490928921806546e+00,1.494104627878047875e+00,1.998139924029678438e+00,1.658456136944633341e+00,1.476370448318664597e+00,1.739639304487377469e+00,1.032234110131514448e+00,1.776917289583535675e+00,1.849579334882490489e+00,1.288955546848160605e+00,1.745743302046982359e+00,1.599796916666848867e+00,1.108099868782605801e+00,1.323236279477101096e+00,1.796161881167472663e+00,1.417483877730455921e+00,1.083958259440936711e+00,1.067675624642467680e+00,2.030762616666897724e+00,1.745743302046982359e+00,8.116424813758399415e-01,1.409452807601671243e+00,1.559676617816269539e+00,9.079139435828283977e-01,1.285624912360180838e+00,1.234582732216848555e+00,1.243842102708474950e+00,1.193133911470959152e+00,6.778431077430381313e-01,1.344694165090243088e+00,1.051874928294693312e+00,1.151705650655995283e+00,9.476892211112188935e-01,1.789700867206438728e+00,9.440926775775900781e-01,1.401512228403915428e+00,1.100745223635818393e+00,8.347933575224664171e-01,1.240740252078279315e+00,8.698196522436887346e-01,1.187438761535536846e+00,6.948838562617177805e-01,6.696323567744144611e-01,7.761885196308735413e-01,1.178997253752108954e+00,2.856124231247932910e-01,5.577767276719618472e-01,5.805564073318435492e-01,5.615539967081151218e-01,0.000000000000000000e+00,0.000000000000000000e+00,0.000000000000000000e+00,0.000000000000000000e+00,0.000000000000000000e+00,0.000000000000000000e+00,0.000000000000000000e+00,0.000000000000000000e+00,0.000000000000000000e+00,0.000000000000000000e+00,0.000000000000000000e+00,0.000000000000000000e+00
0.000000000000000000e+00,0.000000000000000000e+00,0.000000000000000000e+00,0.000000000000000000e+00,0.000000000000000000e+00,0.000000000000000000e+00,0.000000000000000000e+00,0.000000000000000000e+00,0.000000000000000000e+00,0.000000000000000000e+00,0.000000000000000000e+00,0.000000000000000000e+00,0.000000000000000000e+00,1.105637424629755339e+00,5.994419772089035758e-01,8.622822202485094234e-01,4.965437535762374233e-01,6.313919303088705304e-01,6.258325045074087933e-01,5.609209031379819299e-01,6.060132047300730296e-01,1.093487562820637304e+00,5.699161982627605205e-01,4.970398012821078404e-01,7.284580396535723645e-01,6.242620339816686847e-01,5.166530021634371250e-01,1.067675624642467680e+00,6.723470825451215438e-01,1.157062421124162688e+00,7.252723630953206158e-01,5.832788289371512169e-01,7.179463796297113065e-01,5.944287229192233291e-01,8.390165954188700814e-01,1.417483877730455921e+00,7.403822039931398091e-01,8.183171728345228768e-01,1.920991664414632760e+00,8.475925742476830838e-01,7.425923001244625343e-01,6.581175146605687809e-01,4.289110698994741178e+00,9.334649926517635254e-01,9.029706734725770900e-01,7.549876192464187730e-01,1.413456934895994221e+00,1.982218490372071429e+00,8.251025556938472727e-01,1.951124866993686258e+00,1.579482035185364897e+00,9.079139435828283977e-01,1.620641176167394004e+00,1.154377821539187776e+00,9.549651460333780095e-01,1.516880613059115701e+00,1.776917289583535675e+00,1.047445981228189327e+00,1.776917289583535675e+00,1.467660298181091338e+00,1.072277674748685294e+00,1.043054174179014693e+00,1.647472983719834305e+00,1.069971701254602170e+00,1.110573305989709825e+00,8.980809405837363313e-01,1.170674920196211666e+00,1.589574572151405629e+00,1.187438761535536846e+00,1.446328026405203415e+00,1.463343650245264804e+00,1.405471302495451935e+00,1.348338322719214055e+00,9.623536578015280396e-01,1.288955546848160605e+00,1.783286168757669987e+00,1.072277674748685294e+00,1.246959501462130193e+00,1.231526834364826684e+00,9.950736821667799381e-01,1.123107993416230244e+00,1.709748594788281562e+00,1.088702059263435329e+00,8.563456817270050925e-01,8.116424813758399415e-01,1.316235029321137562e+00,1.494104627878047875e+00,6.862577118391585129e-01,1.285624912360180838e+00,1.382046780787194340e+00,7.515662252014954081e-01,1.143762853065264373e+00,9.352196260965977004e-01,9.405233290801321422e-01,9.852214674918613468e-01,5.867179729756957229e-01,1.143762853065264373e+00,9.046124383334362973e-01,1.051874928294693312e+00,8.347933575224664171e-01,1.333878930518471728e+00,7.798383089081347697e-01,1.225460199712783194e+00,8.156341657104753118e-01,6.881560734210095953e-01,1.013313321962097779e+00,7.047264038008356213e-01,8.790403552710069901e-01,5.355617234482130673e-01,5.304230715174732547e-01,6.250462827680778322e-01,1.157062421124162688e+00,2.179311612279412891e-01,4.911518668147976108e-01,6.732568891520838150e-01,7.960589457334238395e-01,0.000000000000000000e+00,0.000000000000000000e+00,0.000000000000000000e+00,0.000000000000000000e+00,0.000000000000000000e+00,0.000000000000000000e+00,0.000000000000000000e+00,0.000000000000000000e+00,0.000000000000000000e+00,0.000000000000000000e+00,0.000000000000000000e+00,0.000000000000000000e+00
0.000000000000000000e+00,0.000000000000000000e+00,0.000000000000000000e+00,0.000000000000000000e+00,0.000000000000000000e+00,0.000000000000000000e+00,0.000000000000000000e+00,0.000000000000000000e+00,0.000000000000000000e+00,0.000000000000000000e+00,0.000000000000000000e+00,0.000000000000000000e+00,0.000000000000000000e+00,0.000000000000000000e+00,6.616181397385505480e-01,8.320014064939631471e-01,4.715989015008435481e-01,5.825958326503395401e-01,5.540499343913029007e-01,5.666706618261844186e-01,5.253820919571171588e-01,8.251025556938472727e-01,4.950615334163084302e-01,4.632559041744785389e-01,6.074930904559096012e-01,5.287320309068969104e-01,4.623948337206226222e-01,9.458875305767869834e-01,5.965669557354795760e-01,1.030096979468716256e+00,7.047264038008356213e-01,5.145158646157083071e-01,6.338048930998598784e-01,5.686135326667314249e-01,8.116424813758399415e-01,1.240740252078279315e+00,7.295261599463195301e-01,7.654412939744461575e-01,1.664002812987926294e+00,6.910233903935971700e-01,7.047264038008356213e-01,6.134856240239087155e-01,4.364358255117455343e+00,8.698196522436887346e-01,8.251025556938472727e-01,6.313919303088705304e-01,1.262783860617741061e+00,1.913603234936115172e+00,7.973346812233813585e-01,1.680867706362803915e+00,1.463343650245264804e+00,7.425923001244625343e-01,1.292303483333480330e+00,1.091089563779363836e+00,8.361963715687226184e-01,1.363114633105177997e+00,1.521519391692323975e+00,8.490389779580033158e-01,1.389767712523435561e+00,1.201779809380169040e+00,8.916430843788349936e-01,8.997049567511572477e-01,1.454786085039152077e+00,9.405233290801321422e-01,1.063112908297841885e+00,7.459322954773462966e-01,1.170674920196211666e+00,1.355686215486076263e+00,1.086324980531419016e+00,1.193133911470959152e+00,1.397575396301657280e+00,1.093487562820637304e+00,1.225460199712783194e+00,8.251025556938472727e-01,1.176210026201867542e+00,1.564581261268521706e+00,9.494977883270799834e-01,1.190279524122942467e+00,1.095896125734339144e+00,8.759451427524471701e-01,9.911092451860357144e-01,1.489631260728712547e+00,8.900480162493559222e-01,8.196653065624217582e-01,8.142992489089851960e-01,1.213504490447292694e+00,1.243842102708474950e+00,5.792047044044120740e-01,1.113057810029955075e+00,1.187438761535536846e+00,6.853124532829062421e-01,9.230739166667717432e-01,9.405233290801321422e-01,8.964627767268288361e-01,8.980809405837363313e-01,5.150484897343581281e-01,9.813349922749308174e-01,7.922561163748248481e-01,8.683016423793891159e-01,7.107669158334142256e-01,1.370624906565812484e+00,6.824922374257750279e-01,1.219453041871053856e+00,7.749795032451556320e-01,6.195975605023537058e-01,8.116424813758399415e-01,6.127300998563915968e-01,8.011865395867793227e-01,4.715989015008435481e-01,4.372028480521880089e-01,4.568749688552708466e-01,8.504903266382733973e-01,1.929933440975135361e-01,5.355617234482130673e-01,9.950736821667799381e-01,0.000000000000000000e+00,0.000000000000000000e+00,0.000000000000000000e+00,0.000000000000000000e+00,0.000000000000000000e+00,0.000000000000000000e+00,0.000000000000000000e+00,0.000000000000000000e+00,0.000000000000000000e+00,0.000000000000000000e+00,0.000000000000000000e+00,0.000000000000000000e+00,0.000000000000000000e+00
0.000000000000000000e+00,0.000000000000000000e+00,0.000000000000000000e+00,0.000000000000000000e+00,0.000000000000000000e+00,0.000000000000000000e+00,0.000000000000000000e+00,0.000000000000000000e+00,0.000000000000000000e+00,0.000000000000000000e+00,0.000000000000000000e+00,0.000000000000000000e+00,0.000000000000000000e+00,0.000000000000000000e+00,9.736533093608414902e-01,1.167926857003262819e+00,5.076906541667244310e-01,5.972831225490875529e-01,5.540499343913029007e-01,5.712248462495865819e-01,5.226227322304516365e-01,9.179646514453688733e-01,5.010441501343303461e-01,4.901840798851132552e-01,5.916014757234125954e-01,5.384597847222835076e-01,4.632559041744785389e-01,9.494977883270799834e-01,6.157634171824133418e-01,1.159759536324918461e+00,6.815573165525889987e-01,5.087288763633843747e-01,5.894986268760544768e-01,5.431624902657095078e-01,8.024787759409515164e-01,1.352002285552690308e+00,7.117837497616451570e-01,7.284580396535723645e-01,1.727558475983992814e+00,7.470523139390239376e-01,7.200243720454269081e-01,5.692641202327116678e-01,3.948705087963412463e+00,9.196614437770608275e-01,8.183171728345228768e-01,6.910233903935971700e-01,1.234582732216848555e+00,1.822479271367728693e+00,7.221144282777793855e-01,1.564581261268521706e+00,1.437967748795924594e+00,7.810625448718837571e-01,1.459052319892639060e+00,1.054103476871588896e+00,8.980809405837363313e-01,1.309307476535236603e+00,1.385896493268495844e+00,8.578221397989481689e-01,1.450544726190641232e+00,1.201779809380169040e+00,8.852968702551423652e-01,9.352196260965977004e-01,1.463343650245264804e+00,9.852214674918613468e-01,9.970678178023847371e-01,8.852968702551423652e-01,1.023738356138662375e+00,1.429703566331580467e+00,1.060846143034946509e+00,1.397575396301657280e+00,1.216471494091418082e+00,1.118060317041325691e+00,1.190279524122942467e+00,7.947872860757028146e-01,1.190279524122942467e+00,1.503132450402990816e+00,9.990699620148392190e-01,1.133341323652368837e+00,1.141139543769243092e+00,9.405233290801321422e-01,1.023738356138662375e+00,1.669586715044932834e+00,8.593036978987736996e-01,8.404338531814019575e-01,7.316718251226324021e-01,1.240740252078279315e+00,1.243842102708474950e+00,6.250462827680778322e-01,1.079255620571344831e+00,1.237653833540770965e+00,7.077337711001279175e-01,9.334649926517635254e-01,8.900480162493559222e-01,9.494977883270799834e-01,8.964627767268288361e-01,5.155822187392642419e-01,9.852214674918613468e-01,7.437023035626156853e-01,9.129116350153945181e-01,7.403822039931398091e-01,1.193133911470959152e+00,6.714397315565316937e-01,1.011253742039410541e+00,8.011865395867793227e-01,5.874106742424911598e-01,8.548742973941407808e-01,5.901979135034282065e-01,7.713749474161084585e-01,4.108479282274070665e-01,4.088223837990057064e-01,4.352903246573839868e-01,7.470523139390239376e-01,2.066182894864576070e-01,9.013348570351266131e-01,0.000000000000000000e+00,0.000000000000000000e+00,0.000000000000000000e+00,0.000000000000000000e+00,0.000000000000000000e+00,0.000000000000000000e+00,0.000000000000000000e+00,0.000000000000000000e+00,0.000000000000000000e+00,0.000000000000000000e+00,0.000000000000000000e+00,0.000000000000000000e+00,0.000000000000000000e+00,0.000000000000000000e+00
0.000000000000000000e+00,0.000000000000000000e+00,0.000000000000000000e+00,0.000000000000000000e+00,0.000000000000000000e+00,0.000000000000000000e+00,0.000000000000000000e+00,0.000000000000000000e+00,0.000000000000000000e+00,0.000000000000000000e+00,0.000000000000000000e+00,0.000000000000000000e+00,0.000000000000000000e+00,0.000000000000000000e+00,0.000000000000000000e+00,0.000000000000000000e+00,9.911092451860357144e-01,1.193133911470959152e+00,1.043054174179014693e+00,9.405233290801321422e-01,9.062601841227504451e-01,1.669586715044932834e+00,1.015381308333448862e+00,7.713749474161084585e-01,1.141139543769243092e+00,9.642186842701355731e-01,8.997049567511572477e-01,1.669586715044932834e+00,1.076919569444567015e+00,1.898995576654159967e+00,1.382046780787194340e+00,9.832743894928656081e-01,1.103185900406629560e+00,9.079139435828283977e-01,1.370624906565812484e+00,2.403559618760338079e+00,1.305870973972152127e+00,1.526186629090153346e+00,3.209915103763806066e+00,1.295668856987994833e+00,1.269226635416811133e+00,1.128201453703832069e+00,7.425923001244625787e+00,1.664002812987926294e+00,1.658456136944633341e+00,1.201779809380169040e+00,2.415227383899951175e+00,3.129162522537043412e+00,1.401512228403915428e+00,2.779535425046871122e+00,2.475307667081541929e+00,1.405471302495451935e+00,2.475307667081541929e+00,1.990147364333559876e+00,1.835929302890737747e+00,2.843067663333656903e+00,2.646472558954202192e+00,1.530882587948892315e+00,2.604904927138167459e+00,2.117178047163361665e+00,1.815827887165656795e+00,1.920991664414632760e+00,2.764093561574388680e+00,1.764315039302801091e+00,1.802669714070253226e+00,1.564581261268521706e+00,2.303411301311990567e+00,2.475307667081541929e+00,2.006196939852379124e+00,2.117178047163361665e+00,2.135351249284935360e+00,2.182179127558727671e+00,2.231106910687847389e+00,1.370624906565812484e+00,2.182179127558727671e+00,3.361735412725607830e+00,1.835929302890737747e+00,2.126225816595683771e+00,1.802669714070253226e+00,1.554802628385593799e+00,1.835929302890737747e+00,2.604904927138167459e+00,1.686565562994542411e+00,1.540361737100278683e+00,1.374411163213784537e+00,2.231106910687847389e+00,2.380559048245884934e+00,1.135928860920981665e+00,2.163203656884304049e+00,2.251297923454253169e+00,1.333878930518471728e+00,1.721580764994429025e+00,1.512270033688115189e+00,1.715644279597896338e+00,1.530882587948892315e+00,8.578221397989481689e-01,1.870439252193195401e+00,1.442135771256202847e+00,1.615379354166850634e+00,1.272472739343708303e+00,2.282279087538486184e+00,1.184611526389023783e+00,1.703893291381472608e+00,1.363114633105177997e+00,1.069971701254602170e+00,1.401512228403915428e+00,1.086324980531419016e+00,1.110573305989709825e+00,6.978076312530013814e-01,6.074930904559096012e-01,6.354238072584801333e-01,1.063112908297841885e+00,3.980294728667119197e-01,0.000000000000000000e+00,0.000000000000000000e+00,0.000000000000000000e+00,0.000000000000000000e+00,0.000000000000000000e+00,0.000000000000000000e+00,0.000000000000000000e+00,0.000000000000000000e+00,0.000000000000000000e+00,0.000000000000000000e+00,0.000000000000000000e+00,0.000000000000000000e+00,0.000000000000000000e+00,0.000000000000000000e+00,0.000000000000000000e+00
0.000000000000000000e+00,0.000000000000000000e+00,0.000000000000000000e+00,0.000000000000000000e+00,0.000000000000000000e+00,0.000000000000000000e+00,0.000000000000000000e+00,0.000000000000000000e+00,0.000000000000000000e+00,0.000000000000000000e+00,0.000000000000000000e+00,0.000000000000000000e+00,0.000000000000000000e+00,0.000000000000000000e+00,0.000000000000000000e+00,0.000000000000000000e+00,9.755624334968431288e-01,1.079255620571344831e+00,1.060846143034946509e+00,9.265118083489570777e-01,9.029706734725770900e-01,1.652946315891660856e+00,8.805961789086548253e-01,7.561350168440575947e-01,1.025849156872969070e+00,9.369808683303012531e-01,7.619247183512862787e-01,1.636634345669045754e+00,9.970678178023847371e-01,1.727558475983992814e+00,1.240740252078279315e+00,9.387487567611130235e-01,1.015381308333448862e+00,9.568016174680575858e-01,1.243842102708474950e+00,2.182179127558727671e+00,1.207613691949975587e+00,1.299051804395274123e+00,2.979262521457425095e+00,1.326764909555706584e+00,1.110573305989709825e+00,9.440926775775900781e-01,5.590301585206629120e+00,1.516880613059115701e+00,1.467660298181091338e+00,1.091089563779363836e+00,2.211274849259510678e+00,3.479278608974754938e+00,1.295668856987994833e+00,2.604904927138167459e+00,2.163203656884304049e+00,1.319726368921458670e+00,2.144555349497370589e+00,1.574483674314525183e+00,1.417483877730455921e+00,2.221146611979419649e+00,2.314124842248325375e+00,1.401512228403915428e+00,2.538453270833622266e+00,2.415227383899951175e+00,1.675208219135993160e+00,1.776917289583535675e+00,2.551470979914820525e+00,1.472002488412396337e+00,1.715644279597896338e+00,1.417483877730455921e+00,2.039085414276188502e+00,2.191792251468678288e+00,1.698077955916006632e+00,1.951124866993686258e+00,1.884609246527992443e+00,1.877497513522226047e+00,2.153839138889134031e+00,1.292303483333480330e+00,2.182179127558727671e+00,2.538453270833622266e+00,1.642035779153102171e+00,1.943503285481992249e+00,1.829179562806580783e+00,1.545145469203074384e+00,1.610151589266634264e+00,2.392004043670143965e+00,1.512270033688115189e+00,1.393660619281204216e+00,1.279015015638534702e+00,2.438906083742107711e+00,2.090490928921806546e+00,9.213645205247963377e-01,1.703893291381472608e+00,1.928437368540271146e+00,1.110573305989709825e+00,1.516880613059115701e+00,1.715644279597896338e+00,1.559676617816269539e+00,1.405471302495451935e+00,7.922561163748248481e-01,1.658456136944633341e+00,1.288955546848160605e+00,1.530882587948892315e+00,1.184611526389023783e+00,1.966548778985731216e+00,1.173435945951391446e+00,1.829179562806580783e+00,1.282311446091211060e+00,9.549651460333780095e-01,1.348338322719214055e+00,9.642186842701355731e-01,1.105637424629755339e+00,5.825958326503395401e-01,5.792047044044120740e-01,6.769208722222992414e-01,1.222449240991130281e+00,4.854017961789170443e-01,0.000000000000000000e+00,0.000000000000000000e+00,0.000000000000000000e+00,0.000000000000000000e+00,0.000000000000000000e+00,0.000000000000000000e+00,0.000000000000000000e+00,0.000000000000000000e+00,0.000000000000000000e+00,0.000000000000000000e+00,0.000000000000000000e+00,0.000000000000000000e+00,0.000000000000000000e+00,0.000000000000000000e+00,0.000000000000000000e+00
0.000000000000000000e+00,0.000000000000000000e+00,0.000000000000000000e+00,0.000000000000000000e+00,0.000000000000000000e+00,0.000000000000000000e+00,0.000000000000000000e+00,0.000000000000000000e+00,0.000000000000000000e+00,0.000000000000000000e+00,0.000000000000000000e+00,0.000000000000000000e+00,0.000000000000000000e+00,0.000000000000000000e+00,0.000000000000000000e+00,0.000000000000000000e+00,6.282030821759975181e-01,5.609209031379819299e-01,4.556198178419321732e-01,4.241575797812361381e-01,4.051602940418485010e-01,7.349140931807828236e-01,3.777804412174562976e-01,3.203714366280682180e-01,4.466219399312297278e-01,4.285416374533936312e-01,3.597518735237816290e-01,6.968303096406021080e-01,4.514853367362885450e-01,8.142992489089851960e-01,4.615369583333858716e-01,3.933097557971462210e-01,4.395201776355034951e-01,3.824264727773942774e-01,5.534336385799665248e-01,9.990699620148392190e-01,5.264940117284550025e-01,5.615539967081151218e-01,1.157062421124162688e+00,5.515929502033147802e-01,5.270517384357944479e-01,4.156531671540434347e-01,2.795150792603314560e+00,6.403305548048776608e-01,5.778592811653774364e-01,4.506674285175633066e-01,9.095737496954111601e-01,1.393660619281204216e+00,5.298581907171352468e-01,1.181797722288337349e+00,9.352196260965977004e-01,5.287320309068969104e-01,1.001080163145653845e+00,7.437023035626156853e-01,5.908988611441686745e-01,9.352196260965977004e-01,9.930875071524748465e-01,5.515929502033147802e-01,9.586451658639497664e-01,9.494977883270799834e-01,6.891091981764403407e-01,5.812346274338667795e-01,9.660909535599805364e-01,6.853124532829062421e-01,6.987876981508286400e-01,5.765200939552607151e-01,7.998984583334244336e-01,9.642186842701355731e-01,7.295261599463195301e-01,8.932438798624594556e-01,8.683016423793891159e-01,8.563456817270050925e-01,8.432827814972712055e-01,5.692641202327116678e-01,8.698196522436887346e-01,1.081601828442152025e+00,6.563810568382453248e-01,7.835225843832913650e-01,8.050757946333171322e-01,6.362363696718541517e-01,6.386865739196276870e-01,1.113057810029955075e+00,6.419830207527612576e-01,6.112246204955651407e-01,5.565289050149775374e-01,9.852214674918613468e-01,8.805961789086548253e-01,4.292811398476186202e-01,8.278483212701996941e-01,8.563456817270050925e-01,5.503726118179091964e-01,6.910233903935971700e-01,6.127300998563915968e-01,6.660466413432262200e-01,6.843697951628472387e-01,3.618449753333745078e-01,7.425923001244625343e-01,5.449472520080941296e-01,6.651562046569383657e-01,5.467437814103186522e-01,9.440926775775900781e-01,4.945694245361729191e-01,7.798383089081347697e-01,5.281707442498831950e-01,4.022124826866531611e-01,5.264940117284550025e-01,3.883972217668930083e-01,4.058212406879199707e-01,2.400081240151422657e-01,2.365843276668520845e-01,3.228662174454185463e-01,7.221144282777793855e-01,3.905312724359418786e-01,0.000000000000000000e+00,0.000000000000000000e+00,0.000000000000000000e+00,0.000000000000000000e+00,0.000000000000000000e+00,0.000000000000000000e+00,0.000000000000000000e+00,0.000000000000000000e+00,0.000000000000000000e+00,0.000000000000000000e+00,0.000000000000000000e+00,0.000000000000000000e+00,0.000000000000000000e+00,0.000000000000000000e+00,0.000000000000000000e+00
0.000000000000000000e+00,0.000000000000000000e+00,0.000000000000000000e+00,0.000000000000000000e+00,0.000000000000000000e+00,0.000000000000000000e+00,0.000000000000000000e+00,0.000000000000000000e+00,0.000000000000000000e+00,0.000000000000000000e+00,0.000000000000000000e+00,0.000000000000000000e+00,0.000000000000000000e+00,0.000000000000000000e+00,0.000000000000000000e+00,0.000000000000000000e+00,0.000000000000000000e+00,0.000000000000000000e+00,9.604958322073163801e-01,7.619247183512862787e-01,6.354238072584801333e-01,1.157062421124162688e+00,6.266207066541434889e-01,5.491576612399448054e-01,7.666207104520645910e-01,6.598631844607293351e-01,6.127300998563915968e-01,1.243842102708474950e+00,7.481757008772781381e-01,1.295668856987994833e+00,8.063806176392057656e-01,6.030749588889575685e-01,6.581175146605687809e-01,6.060132047300730296e-01,9.282403751555782234e-01,1.382046780787194340e+00,8.964627767268288361e-01,8.333950436907704429e-01,2.073070171180791288e+00,8.900480162493559222e-01,8.129686945807026444e-01,6.624991226143674972e-01,4.482313883634143181e+00,1.091089563779363836e+00,9.832743894928656081e-01,6.987876981508286400e-01,1.405471302495451935e+00,1.928437368540271146e+00,8.868749395425846727e-01,1.758080710542013980e+00,1.526186629090153346e+00,8.376041095679965798e-01,1.579482035185364897e+00,1.118060317041325691e+00,1.013313321962097779e+00,1.516880613059115701e+00,1.764315039302801091e+00,1.079255620571344831e+00,1.604957551881903033e+00,1.359390276184125446e+00,1.030096979468716256e+00,9.717516427409961244e-01,1.669586715044932834e+00,1.056341488499766390e+00,1.091089563779363836e+00,9.990699620148392190e-01,1.355686215486076263e+00,1.658456136944633341e+00,1.256406164351995036e+00,1.359390276184125446e+00,1.512270033688115189e+00,1.305870973972152127e+00,1.355686215486076263e+00,9.642186842701355731e-01,1.512270033688115189e+00,1.669586715044932834e+00,1.184611526389023783e+00,1.219453041871053856e+00,1.181797722288337349e+00,1.025849156872969070e+00,1.065389381334882035e+00,1.789700867206438728e+00,1.098315322479889611e+00,9.970678178023847371e-01,9.079139435828283977e-01,1.569516848843501622e+00,1.599796916666848867e+00,7.584403065295578505e-01,1.285624912360180838e+00,1.389767712523435561e+00,7.859981691680726357e-01,1.157062421124162688e+00,1.067675624642467680e+00,1.088702059263435329e+00,1.088702059263435329e+00,5.980010109175359911e-01,1.130765547916795288e+00,8.447145009904754032e-01,1.098315322479889611e+00,9.911092451860357144e-01,1.363114633105177997e+00,7.935196827486282745e-01,1.330312409313876731e+00,8.916430843788349936e-01,6.461517416667401648e-01,7.872418371572625917e-01,5.237229906140946634e-01,6.134856240239087155e-01,3.481713373571658221e-01,3.693666229275352486e-01,6.555162596619102944e-01,0.000000000000000000e+00,0.000000000000000000e+00,0.000000000000000000e+00,0.000000000000000000e+00,0.000000000000000000e+00,0.000000000000000000e+00,0.000000000000000000e+00,0.000000000000000000e+00,0.000000000000000000e+00,0.000000000000000000e+00,0.000000000000000000e+00,0.000000000000000000e+00,0.000000000000000000e+00,0.000000000000000000e+00,0.000000000000000000e+00,0.000000000000000000e+00,0.000000000000000000e+00
0.000000000000000000e+00,0.000000000000000000e+00,0.000000000000000000e+00,0.000000000000000000e+00,0.000000000000000000e+00,0.000000000000000000e+00,0.000000000000000000e+00,0.000000000000000000e+00,0.000000000000000000e+00,0.000000000000000000e+00,0.000000000000000000e+00,0.000000000000000000e+00,0.000000000000000000e+00,0.000000000000000000e+00,0.000000000000000000e+00,0.000000000000000000e+00,0.000000000000000000e+00,0.000000000000000000e+00,0.000000000000000000e+00,1.162469254867733559e+00,1.086324980531419016e+00,1.631268331420950624e+00,1.021636223990533887e+00,8.223749439394875127e-01,1.083958259440936711e+00,1.100745223635818393e+00,7.835225843832913650e-01,1.647472983719834305e+00,1.067675624642467680e+00,1.789700867206438728e+00,1.123107993416230244e+00,8.376041095679965798e-01,9.871762719908531158e-01,8.404338531814019575e-01,1.253241413308286978e+00,2.271857721841963329e+00,1.250092565536155664e+00,1.162469254867733559e+00,2.646472558954202192e+00,1.333878930518471728e+00,1.219453041871053856e+00,1.049655782876350196e+00,7.316718251226323133e+00,1.545145469203074384e+00,1.409452807601671243e+00,9.852214674918613468e-01,1.863433861735543040e+00,2.875935497591849188e+00,1.250092565536155664e+00,2.415227383899951175e+00,2.415227383899951175e+00,1.228486027366394895e+00,2.591337713975989665e+00,1.822479271367728693e+00,1.397575396301657280e+00,2.135351249284935360e+00,2.380559048245884934e+00,1.385896493268495844e+00,2.487684205416949901e+00,2.047476712277324751e+00,1.467660298181091338e+00,1.480764407986279618e+00,2.380559048245884934e+00,1.664002812987926294e+00,1.815827887165656795e+00,1.312762113676490650e+00,1.802669714070253226e+00,2.153839138889134031e+00,1.891775061153573967e+00,2.081744104951422258e+00,2.191792251468678288e+00,1.935941015888676731e+00,2.211274849259510678e+00,1.275735489957410262e+00,2.099311565752700393e+00,2.525567721235482122e+00,1.559676617816269539e+00,1.835929302890737747e+00,1.727558475983992814e+00,1.594669362446762717e+00,1.516880613059115701e+00,2.500185131072311329e+00,1.721580764994429025e+00,1.521519391692323975e+00,1.393660619281204216e+00,2.144555349497370589e+00,2.251297923454253169e+00,9.813349922749308174e-01,1.898995576654159967e+00,1.958806460958228080e+00,1.222449240991130281e+00,1.545145469203074384e+00,1.554802628385593799e+00,1.521519391692323975e+00,1.463343650245264804e+00,8.622822202485094234e-01,1.698077955916006632e+00,1.292303483333480330e+00,1.442135771256202847e+00,1.228486027366394895e+00,2.073070171180791288e+00,1.272472739343708303e+00,1.569516848843501622e+00,1.184611526389023783e+00,8.129686945807026444e-01,9.145897814032903916e-01,6.338048930998598784e-01,7.619247183512862787e-01,4.535431550441112458e-01,5.237229906140946634e-01,0.000000000000000000e+00,0.000000000000000000e+00,0.000000000000000000e+00,0.000000000000000000e+00,0.000000000000000000e+00,0.000000000000000000e+00,0.000000000000000000e+00,0.000000000000000000e+00,0.000000000000000000e+00,0.000000000000000000e+00,0.000000000000000000e+00,0.000000000000000000e+00,0.000000000000000000e+00,0.000000000000000000e+00,0.000000000000000000e+00,0.000000000000000000e+00,0.000000000000000000e+00,0.000000000000000000e+00
0.000000000000000000e+00,0.000000000000000000e+00,0.000000000000000000e+00,0.000000000000000000e+00,0.000000000000000000e+00,0.000000000000000000e+00,0.000000000000000000e+00,0.000000000000000000e+00,0.000000000000000000e+00,0.000000000000000000e+00,0.000000000000000000e+00,0.000000000000000000e+00,0.000000000000000000e+00,0.000000000000000000e+00,0.000000000000000000e+00,0.000000000000000000e+00,0.000000000000000000e+00,0.000000000000000000e+00,0.000000000000000000e+00,1.093487562820637304e+00,7.284580396535723645e-01,1.316235029321137562e+00,6.929482466342479219e-01,5.994419772089035758e-01,8.900480162493559222e-01,7.922561163748248481e-01,6.834297267628982597e-01,1.302452463569083729e+00,7.327493977664064628e-01,1.374411163213784537e+00,8.744056961043760179e-01,7.067284674479971107e-01,8.652814627537216419e-01,6.598631844607293351e-01,9.247896674412452445e-01,1.459052319892639060e+00,8.790403552710069901e-01,9.079139435828283977e-01,1.966548778985731216e+00,9.196614437770608275e-01,8.837244068976730649e-01,7.847584244217508109e-01,5.408009142210761233e+00,1.045245464460903273e+00,1.051874928294693312e+00,7.761885196308735413e-01,1.489631260728712547e+00,2.369223052778047567e+00,9.179646514453688733e-01,1.789700867206438728e+00,1.758080710542013980e+00,9.046124383334362973e-01,1.733577843496132198e+00,1.219453041871053856e+00,9.852214674918613468e-01,1.709748594788281562e+00,1.764315039302801091e+00,9.717516427409961244e-01,1.783286168757669987e+00,1.569516848843501622e+00,1.120578470908535795e+00,1.234582732216848555e+00,1.863433861735543040e+00,1.115553455343923694e+00,1.210551924777104604e+00,9.755624334968431288e-01,1.437967748795924594e+00,1.370624906565812484e+00,1.305870973972152127e+00,1.507687397222393866e+00,1.476370448318664597e+00,1.433823749519855806e+00,1.344694165090243088e+00,9.930875071524748465e-01,1.446328026405203415e+00,1.815827887165656795e+00,1.133341323652368837e+00,1.476370448318664597e+00,1.256406164351995036e+00,1.154377821539187776e+00,1.151705650655995283e+00,1.870439252193195401e+00,1.187438761535536846e+00,1.076919569444567015e+00,1.049655782876350196e+00,1.764315039302801091e+00,1.545145469203074384e+00,7.960589457334238395e-01,1.366859453525796519e+00,1.530882587948892315e+00,9.196614437770608275e-01,1.246959501462130193e+00,1.086324980531419016e+00,1.190279524122942467e+00,1.088702059263435329e+00,6.219210513542374752e-01,1.213504490447292694e+00,9.891388490723458382e-01,1.091089563779363836e+00,9.494977883270799834e-01,1.429703566331580467e+00,8.461510902778740517e-01,1.302452463569083729e+00,8.622822202485094234e-01,5.778592811653774364e-01,7.327493977664064628e-01,4.502595846908506450e-01,5.035797986673987703e-01,3.757831126007477041e-01,5.628244808635632923e-01,0.000000000000000000e+00,0.000000000000000000e+00,0.000000000000000000e+00,0.000000000000000000e+00,0.000000000000000000e+00,0.000000000000000000e+00,0.000000000000000000e+00,0.000000000000000000e+00,0.000000000000000000e+00,0.000000000000000000e+00,0.000000000000000000e+00,0.000000000000000000e+00,0.000000000000000000e+00,0.000000000000000000e+00,0.000000000000000000e+00,0.000000000000000000e+00,0.000000000000000000e+00,0.000000000000000000e+00
0.000000000000000000e+00,0.000000000000000000e+00,0.000000000000000000e+00,0.000000000000000000e+00,0.000000000000000000e+00,0.000000000000000000e+00,0.000000000000000000e+00,0.000000000000000000e+00,0.000000000000000000e+00,0.000000000000000000e+00,0.000000000000000000e+00,0.000000000000000000e+00,0.000000000000000000e+00,0.000000000000000000e+00,0.000000000000000000e+00,0.000000000000000000e+00,0.000000000000000000e+00,0.000000000000000000e+00,0.000000000000000000e+00,1.115553455343923694e+00,6.282030821759975181e-01,9.549651460333780095e-01,5.188079677616161955e-01,4.426484351275711826e-01,5.660259853053355439e-01,5.660259853053355439e-01,4.446263101728239464e-01,8.948504336032193640e-01,5.332656388889495114e-01,9.282403751555782234e-01,5.867179729756957229e-01,4.835149087302137993e-01,5.384597847222835076e-01,4.742963213378360021e-01,6.796951380920627228e-01,1.135928860920981665e+00,6.119764342969126192e-01,6.321942072215882558e-01,1.393660619281204216e+00,6.696323567744144611e-01,6.346133177084055665e-01,5.666706618261844186e-01,3.980294728667119752e+00,7.935196827486282745e-01,6.997705219175667235e-01,5.139843399621797371e-01,9.642186842701355731e-01,1.516880613059115701e+00,6.180581876812297759e-01,1.231526834364826684e+00,1.190279524122942467e+00,5.972831225490875529e-01,1.065389381334882035e+00,8.333950436907704429e-01,6.806249536024485680e-01,1.056341488499766390e+00,1.231526834364826684e+00,6.910233903935971700e-01,1.234582732216848555e+00,1.003098469926189562e+00,8.063806176392057656e-01,8.210178895765510854e-01,1.309307476535236603e+00,8.024787759409515164e-01,8.837244068976730649e-01,6.642681456387048433e-01,9.717516427409961244e-01,1.047445981228189327e+00,9.247896674412452445e-01,1.067675624642467680e+00,1.040872052475711129e+00,9.604958322073163801e-01,1.015381308333448862e+00,7.437023035626156853e-01,1.009202517410527244e+00,1.133341323652368837e+00,7.654412939744461575e-01,9.950736821667799381e-01,9.317169308677715200e-01,7.284580396535723645e-01,8.129686945807026444e-01,1.162469254867733559e+00,8.063806176392057656e-01,7.960589457334238395e-01,7.158803468825755134e-01,1.243842102708474950e+00,1.063112908297841885e+00,5.792047044044120740e-01,1.009202517410527244e+00,1.103185900406629560e+00,6.127300998563915968e-01,8.774900195474250042e-01,7.761885196308735413e-01,8.011865395867793227e-01,8.264731579458304278e-01,4.807119237520676158e-01,9.282403751555782234e-01,6.607394967906904393e-01,8.490389779580033158e-01,6.495259021976370617e-01,1.036535085590395644e+00,5.738602549981429712e-01,8.637792379919964070e-01,5.344112149123415589e-01,3.579401734412877567e-01,4.379725713762235850e-01,3.039320959580879555e-01,3.983481513878222025e-01,3.323559392674615975e-01,8.948504336032193640e-01,0.000000000000000000e+00,0.000000000000000000e+00,0.000000000000000000e+00,0.000000000000000000e+00,0.000000000000000000e+00,0.000000000000000000e+00,0.000000000000000000e+00,0.000000000000000000e+00,0.000000000000000000e+00,0.000000000000000000e+00,0.000000000000000000e+00,0.000000000000000000e+00,0.000000000000000000e+00,0.000000000000000000e+00,0.000000000000000000e+00,0.000000000000000000e+00,0.000000000000000000e+00,0.000000000000000000e+00
0.000000000000000000e+00,0.000000000000000000e+00,0.000000000000000000e+00,0.000000000000000000e+00,0.000000000000000000e+00,0.000000000000000000e+00,0.000000000000000000e+00,0.000000000000000000e+00,0.000000000000000000e+00,0.000000000000000000e+00,0.000000000000000000e+00,0.000000000000000000e+00,0.000000000000000000e+00,0.000000000000000000e+00,0.000000000000000000e+00,0.000000000000000000e+00,0.000000000000000000e+00,0.000000000000000000e+00,0.000000000000000000e+00,0.000000000000000000e+00,0.000000000000000000e+00,1.809224876666872595e+00,9.299754038941867584e-01,7.128034972541402725e-01,1.088702059263435329e+00,9.179646514453688733e-01,7.017444867184625679e-01,1.545145469203074384e+00,9.531357108877203110e-01,1.647472983719834305e+00,9.586451658639497664e-01,8.037751875337478813e-01,8.964627767268288361e-01,7.973346812233813585e-01,1.105637424629755339e+00,1.990147364333559876e+00,1.093487562820637304e+00,1.178997253752108954e+00,2.380559048245884934e+00,1.133341323652368837e+00,1.165191665300679080e+00,9.162741088091895802e-01,5.408009142210761233e+00,1.198883954417807152e+00,1.086324980531419016e+00,9.196614437770608275e-01,1.625937389161405289e+00,2.324938509735467118e+00,1.146398251344216579e+00,2.099311565752700393e+00,1.751890285504894340e+00,1.019542707138094251e+00,1.822479271367728693e+00,1.450544726190641232e+00,1.088702059263435329e+00,2.014319194669595081e+00,2.117178047163361665e+00,1.305870973972152127e+00,1.822479271367728693e+00,1.745743302046982359e+00,1.309307476535236603e+00,1.409452807601671243e+00,2.182179127558727671e+00,1.359390276184125446e+00,1.302452463569083729e+00,1.133341323652368837e+00,1.589574572151405629e+00,1.906271421775440622e+00,1.594669362446762717e+00,1.943503285481992249e+00,1.849579334882490489e+00,1.521519391692323975e+00,1.625937389161405289e+00,1.123107993416230244e+00,1.549959006490311264e+00,1.898995576654159967e+00,1.231526834364826684e+00,1.658456136944633341e+00,1.739639304487377469e+00,1.579482035185364897e+00,1.417483877730455921e+00,2.674929253136505203e+00,1.378218396352880681e+00,1.253241413308286978e+00,1.207613691949975587e+00,1.935941015888676731e+00,1.906271421775440622e+00,8.884586447917678376e-01,1.958806460958228080e+00,1.802669714070253226e+00,1.074593609251382365e+00,1.472002488412396337e+00,1.385896493268495844e+00,1.363114633105177997e+00,1.323236279477101096e+00,7.584403065295578505e-01,1.397575396301657280e+00,1.143762853065264373e+00,1.312762113676490650e+00,9.930875071524748465e-01,1.692302180555748103e+00,8.964627767268288361e-01,1.272472739343708303e+00,7.935196827486282745e-01,5.315564541489209427e-01,6.478344284939974163e-01,4.793225829319748832e-01,6.987876981508286400e-01,8.774900195474250042e-01,0.000000000000000000e+00,0.000000000000000000e+00,0.000000000000000000e+00,0.000000000000000000e+00,0.000000000000000000e+00,0.000000000000000000e+00,0.000000000000000000e+00,0.000000000000000000e+00,0.000000000000000000e+00,0.000000000000000000e+00,0.000000000000000000e+00,0.000000000000000000e+00,0.000000000000000000e+00,0.000000000000000000e+00,0.000000000000000000e+00,0.000000000000000000e+00,0.000000000000000000e+00,0.000000000000000000e+00,0.000000000000000000e+00
0.000000000000000000e+00,0.000000000000000000e+00,0.000000000000000000e+00,0.000000000000000000e+00,0.000000000000000000e+00,0.000000000000000000e+00,0.000000000000000000e+00,0.000000000000000000e+00,0.000000000000000000e+00,0.000000000000000000e+00,0.000000000000000000e+00,0.000000000000000000e+00,0.000000000000000000e+00,0.000000000000000000e+00,0.000000000000000000e+00,0.000000000000000000e+00,0.000000000000000000e+00,0.000000000000000000e+00,0.000000000000000000e+00,0.000000000000000000e+00,0.000000000000000000e+00,0.000000000000000000e+00,8.390165954188700814e-01,5.958525042914849523e-01,7.835225843832913650e-01,7.381852241593322983e-01,6.338048930998598784e-01,1.243842102708474950e+00,7.515662252014954081e-01,1.225460199712783194e+00,8.278483212701996941e-01,6.714397315565316937e-01,6.891091981764403407e-01,6.581175146605687809e-01,8.390165954188700814e-01,1.589574572151405629e+00,8.837244068976730649e-01,8.667889217480660990e-01,1.998139924029678438e+00,8.728716510234911796e-01,9.029706734725770900e-01,7.437023035626156853e-01,4.289110698994741178e+00,9.871762719908531158e-01,9.698573900261011627e-01,7.713749474161084585e-01,1.485184600248925069e+00,2.006196939852379124e+00,8.713429791302801375e-01,1.442135771256202847e+00,1.485184600248925069e+00,8.563456817270050925e-01,1.579482035185364897e+00,1.154377821539187776e+00,9.990699620148392190e-01,1.599796916666848867e+00,1.698077955916006632e+00,1.083958259440936711e+00,1.652946315891660856e+00,1.437967748795924594e+00,1.074593609251382365e+00,1.093487562820637304e+00,1.485184600248925069e+00,1.113057810029955075e+00,1.130765547916795288e+00,9.299754038941867584e-01,1.421533831666828451e+00,1.413456934895994221e+00,1.170674920196211666e+00,1.366859453525796519e+00,1.352002285552690308e+00,1.250092565536155664e+00,1.348338322719214055e+00,8.805961789086548253e-01,1.385896493268495844e+00,1.642035779153102171e+00,1.173435945951391446e+00,1.450544726190641232e+00,1.285624912360180838e+00,1.065389381334882035e+00,1.181797722288337349e+00,2.064468220263028897e+00,1.095896125734339144e+00,1.043054174179014693e+00,9.950736821667799381e-01,1.620641176167394004e+00,1.393660619281204216e+00,7.572859072806544800e-01,1.385896493268495844e+00,1.489631260728712547e+00,8.837244068976730649e-01,1.262783860617741061e+00,1.105637424629755339e+00,1.184611526389023783e+00,1.113057810029955075e+00,6.172913661084242776e-01,1.190279524122942467e+00,8.932438798624594556e-01,1.049655782876350196e+00,8.050757946333171322e-01,1.337464626568252601e+00,6.987876981508286400e-01,1.013313321962097779e+00,5.853374600981058329e-01,3.815466572725383365e-01,5.355617234482130673e-01,4.474252168016096820e-01,8.390165954188700814e-01,0.000000000000000000e+00,0.000000000000000000e+00,0.000000000000000000e+00,0.000000000000000000e+00,0.000000000000000000e+00,0.000000000000000000e+00,0.000000000000000000e+00,0.000000000000000000e+00,0.000000000000000000e+00,0.000000000000000000e+00,0.000000000000000000e+00,0.000000000000000000e+00,0.000000000000000000e+00,0.000000000000000000e+00,0.000000000000000000e+00,0.000000000000000000e+00,0.000000000000000000e+00,0.000000000000000000e+00,0.000000000000000000e+00,0.000000000000000000e+00
0.000000000000000000e+00,0.000000000000000000e+00,0.000000000000000000e+00,0.000000000000000000e+00,0.000000000000000000e+00,0.000000000000000000e+00,0.000000000000000000e+00,0.000000000000000000e+00,0.000000000000000000e+00,0.000000000000000000e+00,0.000000000000000000e+00,0.000000000000000000e+00,0.000000000000000000e+00,0.000000000000000000e+00,0.000000000000000000e+00,0.000000000000000000e+00,0.000000000000000000e+00,0.000000000000000000e+00,0.000000000000000000e+00,0.000000000000000000e+00,0.000000000000000000e+00,0.000000000000000000e+00,7.189838743979622970e-01,4.337723113194332791e-01,5.264940117284550025e-01,4.802479161036581901e-01,3.948705087963412241e-01,8.063806176392057656e-01,4.606822602623981688e-01,8.156341657104753118e-01,5.248278914381750981e-01,4.337723113194332791e-01,4.689319897110179047e-01,4.391322516181729307e-01,5.819144340156607864e-01,9.282403751555782234e-01,5.287320309068969104e-01,5.725395179325546424e-01,1.216471494091418082e+00,5.778592811653774364e-01,5.082092350187844554e-01,4.466219399312297278e-01,2.892656052810406830e+00,6.362363696718541517e-01,5.894986268760544768e-01,4.689319897110179047e-01,8.683016423793891159e-01,1.275735489957410262e+00,5.621885209981807296e-01,1.072277674748685294e+00,9.494977883270799834e-01,5.315564541489209427e-01,1.105637424629755339e+00,7.381852241593322983e-01,6.329985255513868037e-01,9.029706734725770900e-01,1.103185900406629560e+00,6.250462827680778322e-01,1.076919569444567015e+00,8.683016423793891159e-01,7.128034972541402725e-01,6.642681456387048433e-01,1.030096979468716256e+00,6.929482466342479219e-01,7.231640132026017076e-01,6.097265209355269278e-01,8.534079606919210415e-01,9.196614437770608275e-01,7.960589457334238395e-01,8.916430843788349936e-01,8.333950436907704429e-01,8.183171728345228768e-01,8.637792379919964070e-01,6.104746516360612940e-01,9.458875305767869834e-01,1.118060317041325691e+00,7.210678856281014237e-01,9.387487567611130235e-01,9.046124383334362973e-01,7.047264038008356213e-01,7.998984583334244336e-01,1.173435945951391446e+00,7.221144282777793855e-01,7.017444867184625679e-01,6.403305548048776608e-01,1.056341488499766390e+00,1.032234110131514448e+00,4.985339089011923686e-01,9.299754038941867584e-01,9.642186842701355731e-01,5.497644652855137037e-01,7.607596958461619874e-01,7.231640132026017076e-01,7.295261599463195301e-01,7.295261599463195301e-01,3.967598413743141372e-01,8.306124225098330260e-01,5.679644304604908323e-01,6.815573165525889987e-01,4.970398012821078404e-01,7.737742474080714361e-01,3.696410409237667061e-01,5.193495209638726573e-01,3.503780571009788569e-01,2.469165464433696888e-01,3.658359125613162011e-01,4.434374697712923363e-01,1.222449240991130281e+00,0.000000000000000000e+00,0.000000000000000000e+00,0.000000000000000000e+00,0.000000000000000000e+00,0.000000000000000000e+00,0.000000000000000000e+00,0.000000000000000000e+00,0.000000000000000000e+00,0.000000000000000000e+00,0.000000000000000000e+00,0.000000000000000000e+00,0.000000000000000000e+00,0.000000000000000000e+00,0.000000000000000000e+00,0.000000000000000000e+00,0.000000000000000000e+00,0.000000000000000000e+00,0.000000000000000000e+00,0.000000000000000000e+00,0.000000000000000000e+00
0.000000000000000000e+00,0.000000000000000000e+00,0.000000000000000000e+00,0.000000000000000000e+00,0.000000000000000000e+00,0.000000000000000000e+00,0.000000000000000000e+00,0.000000000000000000e+00,0.000000000000000000e+00,0.000000000000000000e+00,0.000000000000000000e+00,0.000000000000000000e+00,0.000000000000000000e+00,0.000000000000000000e+00,0.000000000000000000e+00,0.000000000000000000e+00,0.000000000000000000e+00,0.000000000000000000e+00,0.000000000000000000e+00,0.000000000000000000e+00,0.000000000000000000e+00,0.000000000000000000e+00,0.000000000000000000e+00,0.000000000000000000e+00,1.489631260728712547e+00,1.250092565536155664e+00,1.047445981228189327e+00,2.030762616666897724e+00,1.222449240991130281e+00,2.604904927138167459e+00,1.530882587948892315e+00,1.190279524122942467e+00,1.225460199712783194e+00,1.088702059263435329e+00,1.374411163213784537e+00,2.346871891902782892e+00,1.564581261268521706e+00,1.326764909555706584e+00,3.189338724893525434e+00,1.489631260728712547e+00,1.425606994508280545e+00,1.282311446091211060e+00,7.538436986111969773e+00,1.815827887165656795e+00,1.574483674314525183e+00,1.250092565536155664e+00,2.081744104951422258e+00,3.631655774331313591e+00,1.437967748795924594e+00,2.979262521457425095e+00,3.015374794444787732e+00,1.405471302495451935e+00,2.463053668729653367e+00,1.920991664414632760e+00,1.692302180555748103e+00,2.500185131072311329e+00,2.335853714006525639e+00,1.530882587948892315e+00,2.909572170078304154e+00,2.826913869791988443e+00,1.758080710542013980e+00,1.829179562806580783e+00,2.525567721235482122e+00,1.943503285481992249e+00,1.906271421775440622e+00,1.512270033688115189e+00,2.153839138889134031e+00,2.689388330180486175e+00,2.047476712277324751e+00,2.282279087538486184e+00,2.463053668729653367e+00,2.314124842248325375e+00,2.081744104951422258e+00,1.664002812987926294e+00,2.211274849259510678e+00,3.273268691338091507e+00,1.928437368540271146e+00,2.632470058642275124e+00,2.357994507504217907e+00,1.974352543981706232e+00,2.172649961062838031e+00,3.090290938406148769e+00,2.081744104951422258e+00,1.802669714070253226e+00,1.658456136944633341e+00,2.795150792603314560e+00,2.577911093696321210e+00,1.526186629090153346e+00,2.292796502688433158e+00,2.369223052778047567e+00,1.526186629090153346e+00,2.073070171180791288e+00,2.090490928921806546e+00,1.958806460958228080e+00,1.990147364333559876e+00,1.091089563779363836e+00,1.870439252193195401e+00,1.545145469203074384e+00,1.512270033688115189e+00,1.196002021835071982e+00,1.709748594788281562e+00,8.667889217480660990e-01,1.135928860920981665e+00,8.142992489089851960e-01,6.428124561800904191e-01,1.083958259440936711e+00,0.000000000000000000e+00,0.000000000000000000e+00,0.000000000000000000e+00,0.000000000000000000e+00,0.000000000000000000e+00,0.000000000000000000e+00,0.000000000000000000e+00,0.000000000000000000e+00,0.000000000000000000e+00,0.000000000000000000e+00,0.000000000000000000e+00,0.000000000000000000e+00,0.000000000000000000e+00,0.000000000000000000e+00,0.000000000000000000e+00,0.000000000000000000e+00,0.000000000000000000e+00,0.000000000000000000e+00,0.000000000000000000e+00,0.000000000000000000e+00,0.000000000000000000e+00,0.000000000000000000e+00
0.000000000000000000e+00,0.000000000000000000e+00,0.000000000000000000e+00,0.000000000000000000e+00,0.000000000000000000e+00,0.000000000000000000e+00,0.000000000000000000e+00,0.000000000000000000e+00,0.000000000000000000e+00,0.000000000000000000e+00,0.000000000000000000e+00,0.000000000000000000e+00,0.000000000000000000e+00,0.000000000000000000e+00,0.000000000000000000e+00,0.000000000000000000e+00,0.000000000000000000e+00,0.000000000000000000e+00,0.000000000000000000e+00,0.000000000000000000e+00,0.000000000000000000e+00,0.000000000000000000e+00,0.000000000000000000e+00,1.157062421124162688e+00,1.047445981228189327e+00,8.076896770834253170e-01,5.923057631945118917e-01,1.190279524122942467e+00,8.237364918599171526e-01,1.425606994508280545e+00,8.404338531814019575e-01,6.750839092040569200e-01,7.527032391579273618e-01,7.017444867184625679e-01,9.405233290801321422e-01,1.625937389161405289e+00,8.964627767268288361e-01,9.046124383334362973e-01,1.809224876666872595e+00,8.607903824972145124e-01,8.805961789086548253e-01,7.169118747599279029e-01,4.523062191667181153e+00,1.058589023581680832e+00,1.011253742039410541e+00,7.327493977664064628e-01,1.521519391692323975e+00,2.231106910687847389e+00,8.652814627537216419e-01,1.721580764994429025e+00,1.822479271367728693e+00,9.162741088091895802e-01,1.507687397222393866e+00,1.210551924777104604e+00,1.034380126992494597e+00,1.498604943022258773e+00,1.549959006490311264e+00,9.698573900261011627e-01,1.574483674314525183e+00,1.341069652515875843e+00,1.060846143034946509e+00,1.181797722288337349e+00,1.870439252193195401e+00,1.228486027366394895e+00,1.113057810029955075e+00,9.095737496954111601e-01,1.389767712523435561e+00,1.535607534207993563e+00,1.359390276184125446e+00,1.498604943022258773e+00,1.620641176167394004e+00,1.446328026405203415e+00,1.476370448318664597e+00,1.108099868782605801e+00,1.574483674314525183e+00,1.631268331420950624e+00,1.204689687853244484e+00,1.429703566331580467e+00,1.370624906565812484e+00,1.198883954417807152e+00,1.240740252078279315e+00,2.030762616666897724e+00,1.167926857003262819e+00,1.076919569444567015e+00,9.476892211112188935e-01,1.579482035185364897e+00,1.863433861735543040e+00,8.475925742476830838e-01,1.433823749519855806e+00,1.564581261268521706e+00,9.549651460333780095e-01,1.240740252078279315e+00,1.149045822363487179e+00,1.240740252078279315e+00,1.275735489957410262e+00,6.529354869860760635e-01,1.103185900406629560e+00,8.210178895765510854e-01,9.145897814032903916e-01,6.900649668285574467e-01,9.950736821667799381e-01,4.774825730166890048e-01,7.117837497616451570e-01,4.615369583333858716e-01,4.945694245361729191e-01,0.000000000000000000e+00,0.000000000000000000e+00,0.000000000000000000e+00,0.000000000000000000e+00,0.000000000000000000e+00,0.000000000000000000e+00,0.000000000000000000e+00,0.000000000000000000e+00,0.000000000000000000e+00,0.000000000000000000e+00,0.000000000000000000e+00,0.000000000000000000e+00,0.000000000000000000e+00,0.000000000000000000e+00,0.000000000000000000e+00,0.000000000000000000e+00,0.000000000000000000e+00,0.000000000000000000e+00,0.000000000000000000e+00,0.000000000000000000e+00,0.000000000000000000e+00,0.000000000000000000e+00,0.000000000000000000e+00
0.000000000000000000e+00,0.000000000000000000e+00,0.000000000000000000e+00,0.000000000000000000e+00,0.000000000000000000e+00,0.000000000000000000e+00,0.000000000000000000e+00,0.000000000000000000e+00,0.000000000000000000e+00,0.000000000000000000e+00,0.000000000000000000e+00,0.000000000000000000e+00,0.000000000000000000e+00,0.000000000000000000e+00,0.000000000000000000e+00,0.000000000000000000e+00,0.000000000000000000e+00,0.000000000000000000e+00,0.000000000000000000e+00,0.000000000000000000e+00,0.000000000000000000e+00,0.000000000000000000e+00,0.000000000000000000e+00,0.000000000000000000e+00,1.115553455343923694e+00,6.495259021976370617e-01,4.873034682501370396e-01,9.911092451860357144e-01,6.242620339816686847e-01,1.067675624642467680e+00,6.714397315565316937e-01,5.118691780693311877e-01,5.653827739583976442e-01,5.326946906674410176e-01,6.678346860179731337e-01,1.103185900406629560e+00,6.651562046569383657e-01,6.598631844607293351e-01,1.442135771256202847e+00,6.651562046569383657e-01,6.386865739196276870e-01,5.522051510359489157e-01,3.090290938406148769e+00,7.619247183512862787e-01,7.097529830005563367e-01,5.571521176745687365e-01,1.086324980531419016e+00,1.599796916666848867e+00,6.760011427763451541e-01,1.397575396301657280e+00,1.237653833540770965e+00,6.546537382676183014e-01,1.105637424629755339e+00,9.145897814032903916e-01,7.414856051913412127e-01,1.113057810029955075e+00,1.243842102708474950e+00,7.210678856281014237e-01,1.210551924777104604e+00,1.141139543769243092e+00,7.749795032451556320e-01,8.376041095679965798e-01,1.219453041871053856e+00,8.504903266382733973e-01,8.790403552710069901e-01,6.881560734210095953e-01,1.072277674748685294e+00,1.146398251344216579e+00,9.334649926517635254e-01,1.098315322479889611e+00,1.067675624642467680e+00,1.178997253752108954e+00,1.149045822363487179e+00,7.859981691680726357e-01,1.141139543769243092e+00,1.393660619281204216e+00,9.736533093608414902e-01,1.118060317041325691e+00,1.103185900406629560e+00,8.997049567511572477e-01,8.805961789086548253e-01,1.437967748795924594e+00,9.095737496954111601e-01,7.595982306616640978e-01,7.737742474080714361e-01,1.326764909555706584e+00,1.207613691949975587e+00,5.951397620614712336e-01,1.135928860920981665e+00,1.193133911470959152e+00,7.538436986111969329e-01,9.405233290801321422e-01,8.667889217480660990e-01,8.534079606919210415e-01,8.593036978987736996e-01,4.733937593562226320e-01,8.728716510234911796e-01,6.157634171824133418e-01,6.444777734240803024e-01,4.702616645400660711e-01,6.678346860179731337e-01,3.361735412725607719e-01,4.955546225930178572e-01,4.446263101728239464e-01,5.705697718846215460e-01,0.000000000000000000e+00,0.000000000000000000e+00,0.000000000000000000e+00,0.000000000000000000e+00,0.000000000000000000e+00,0.000000000000000000e+00,0.000000000000000000e+00,0.000000000000000000e+00,0.000000000000000000e+00,0.000000000000000000e+00,0.000000000000000000e+00,0.000000000000000000e+00,0.000000000000000000e+00,0.000000000000000000e+00,0.000000000000000000e+00,0.000000000000000000e+00,0.000000000000000000e+00,0.000000000000000000e+00,0.000000000000000000e+00,0.000000000000000000e+00,0.000000000000000000e+00,0.000000000000000000e+00,0.000000000000000000e+00
0.000000000000000000e+00,0.000000000000000000e+00,0.000000000000000000e+00,0.000000000000000000e+00,0.000000000000000000e+00,0.000000000000000000e+00,0.000000000000000000e+00,0.000000000000000000e+00,0.000000000000000000e+00,0.000000000000000000e+00,0.000000000000000000e+00,0.000000000000000000e+00,0.000000000000000000e+00,0.000000000000000000e+00,0.000000000000000000e+00,0.000000000000000000e+00,0.000000000000000000e+00,0.000000000000000000e+00,0.000000000000000000e+00,0.000000000000000000e+00,0.000000000000000000e+00,0.000000000000000000e+00,0.000000000000000000e+00,0.000000000000000000e+00,0.000000000000000000e+00,8.837244068976730649e-01,4.752023315027602557e-01,8.432827814972712055e-01,5.161170550657572242e-01,9.494977883270799834e-01,5.686135326667314249e-01,4.289110698994740845e-01,4.623948337206226222e-01,4.632559041744785389e-01,5.901979135034282065e-01,1.045245464460903273e+00,5.765200939552607151e-01,5.745229111817435896e-01,1.288955546848160605e+00,6.089802216442961047e-01,5.673168085329417520e-01,4.756566358349808565e-01,2.826913869791988443e+00,6.411557230456055301e-01,6.362363696718541517e-01,4.849286950130505813e-01,8.980809405837363313e-01,1.467660298181091338e+00,5.894986268760544768e-01,1.187438761535536846e+00,1.067675624642467680e+00,5.552866529948549124e-01,9.679705079443383653e-01,7.701808685501393414e-01,6.678346860179731337e-01,9.334649926517635254e-01,1.125648961727126585e+00,6.104746516360612940e-01,1.047445981228189327e+00,8.932438798624594556e-01,7.047264038008356213e-01,7.087419388652279606e-01,1.100745223635818393e+00,7.327493977664064628e-01,7.630933145450766730e-01,6.250462827680778322e-01,9.196614437770608275e-01,1.051874928294693312e+00,7.504326411514178341e-01,1.038699041927745315e+00,1.036535085590395644e+00,9.736533093608414902e-01,9.832743894928656081e-01,6.469919910057086998e-01,9.911092451860357144e-01,1.176210026201867542e+00,7.678037671039967815e-01,9.095737496954111601e-01,8.376041095679965798e-01,7.922561163748248481e-01,7.897410175926824483e-01,1.256406164351995036e+00,7.909965677001430384e-01,7.549876192464187730e-01,6.354238072584801333e-01,1.210551924777104604e+00,1.093487562820637304e+00,5.177282425425493440e-01,8.980809405837363313e-01,1.098315322479889611e+00,6.030749588889575685e-01,9.013348570351266131e-01,7.909965677001430384e-01,8.024787759409515164e-01,7.148517831657902333e-01,3.844952404044744143e-01,6.546537382676183014e-01,4.490404702918681656e-01,4.399087896404862419e-01,3.481713373571658221e-01,4.911518668147976108e-01,2.981047579888495558e-01,5.686135326667314249e-01,7.077337711001279175e-01,0.000000000000000000e+00,0.000000000000000000e+00,0.000000000000000000e+00,0.000000000000000000e+00,0.000000000000000000e+00,0.000000000000000000e+00,0.000000000000000000e+00,0.000000000000000000e+00,0.000000000000000000e+00,0.000000000000000000e+00,0.000000000000000000e+00,0.000000000000000000e+00,0.000000000000000000e+00,0.000000000000000000e+00,0.000000000000000000e+00,0.000000000000000000e+00,0.000000000000000000e+00,0.000000000000000000e+00,0.000000000000000000e+00,0.000000000000000000e+00,0.000000000000000000e+00,0.000000000000000000e+00,0.000000000000000000e+00,0.000000000000000000e+00
0.000000000000000000e+00,0.000000000000000000e+00,0.000000000000000000e+00,0.000000000000000000e+00,0.000000000000000000e+00,0.000000000000000000e+00,0.000000000000000000e+00,0.000000000000000000e+00,0.000000000000000000e+00,0.000000000000000000e+00,0.000000000000000000e+00,0.000000000000000000e+00,0.000000000000000000e+00,0.000000000000000000e+00,0.000000000000000000e+00,0.000000000000000000e+00,0.000000000000000000e+00,0.000000000000000000e+00,0.000000000000000000e+00,0.000000000000000000e+00,0.000000000000000000e+00,0.000000000000000000e+00,0.000000000000000000e+00,0.000000000000000000e+00,0.000000000000000000e+00,0.000000000000000000e+00,7.305974171562260588e-01,9.736533093608414902e-01,5.402137253891312607e-01,8.744056961043760179e-01,5.226227322304516365e-01,4.270702498569870498e-01,4.628249684496650307e-01,4.285416374533936312e-01,5.309891580399038746e-01,9.079139435828283977e-01,5.467437814103186522e-01,5.332656388889495114e-01,1.409452807601671243e+00,6.142430136831974474e-01,5.479480628671695719e-01,4.410787598257002728e-01,2.909572170078304154e+00,6.815573165525889987e-01,6.274108967003656501e-01,4.598307218885304137e-01,8.774900195474250042e-01,1.382046780787194340e+00,5.751870995183698820e-01,1.151705650655995283e+00,1.003098469926189562e+00,5.408009142210760123e-01,9.970678178023847371e-01,7.504326411514178341e-01,5.888009953649585571e-01,9.604958322073163801e-01,1.027968679924359474e+00,5.860269035140046601e-01,9.990699620148392190e-01,8.667889217480660990e-01,6.834297267628982597e-01,6.891091981764403407e-01,1.105637424629755339e+00,7.117837497616451570e-01,8.129686945807026444e-01,6.329985255513868037e-01,8.593036978987736996e-01,1.023738356138662375e+00,8.361963715687226184e-01,9.112396356838643463e-01,9.317169308677715200e-01,9.247896674412452445e-01,9.282403751555782234e-01,6.104746516360612940e-01,9.405233290801321422e-01,1.141139543769243092e+00,7.200243720454269081e-01,8.759451427524471701e-01,8.169734664751887587e-01,7.087419388652279606e-01,7.189838743979622970e-01,1.207613691949975587e+00,7.242166536876126770e-01,6.997705219175667235e-01,6.258325045074087933e-01,1.013313321962097779e+00,1.009202517410527244e+00,5.204360262378555646e-01,8.759451427524471701e-01,9.317169308677715200e-01,5.666706618261844186e-01,8.404338531814019575e-01,7.037296196370438350e-01,7.067284674479971107e-01,6.411557230456055301e-01,3.275423575269190146e-01,5.092495814568985812e-01,3.652987085781130294e-01,3.887006570963984498e-01,2.918104639785278343e-01,5.150484897343581281e-01,4.375873712254969017e-01,0.000000000000000000e+00,0.000000000000000000e+00,0.000000000000000000e+00,0.000000000000000000e+00,0.000000000000000000e+00,0.000000000000000000e+00,0.000000000000000000e+00,0.000000000000000000e+00,0.000000000000000000e+00,0.000000000000000000e+00,0.000000000000000000e+00,0.000000000000000000e+00,0.000000000000000000e+00,0.000000000000000000e+00,0.000000000000000000e+00,0.000000000000000000e+00,0.000000000000000000e+00,0.000000000000000000e+00,0.000000000000000000e+00,0.000000000000000000e+00,0.000000000000000000e+00,0.000000000000000000e+00,0.000000000000000000e+00,0.000000000000000000e+00,0.000000000000000000e+00,0.000000000000000000e+00
0.000000000000000000e+00,0.000000000000000000e+00,0.000000000000000000e+00,0.000000000000000000e+00,0.000000000000000000e+00,0.000000000000000000e+00,0.000000000000000000e+00,0.000000000000000000e+00,0.000000000000000000e+00,0.000000000000000000e+00,0.000000000000000000e+00,0.000000000000000000e+00,0.000000000000000000e+00,0.000000000000000000e+00,0.000000000000000000e+00,0.000000000000000000e+00,0.000000000000000000e+00,0.000000000000000000e+00,0.000000000000000000e+00,0.000000000000000000e+00,0.000000000000000000e+00,0.000000000000000000e+00,0.000000000000000000e+00,0.000000000000000000e+00,0.000000000000000000e+00,0.000000000000000000e+00,0.000000000000000000e+00,0.000000000000000000e+00,1.017457752726768749e+00,1.664002812987926294e+00,8.404338531814019575e-01,6.687323132841263007e-01,7.725727346015371921e-01,6.778431077430381313e-01,8.980809405837363313e-01,1.809224876666872595e+00,8.884586447917678376e-01,9.046124383334362973e-01,1.982218490372071429e+00,9.717516427409961244e-01,8.306124225098330260e-01,7.231640132026017076e-01,4.111874719697437897e+00,1.027968679924359474e+00,1.001080163145653845e+00,8.116424813758399415e-01,1.472002488412396337e+00,2.346871891902782892e+00,9.162741088091895802e-01,1.951124866993686258e+00,1.589574572151405629e+00,9.213645205247963377e-01,1.658456136944633341e+00,1.237653833540770965e+00,9.852214674918613468e-01,1.480764407986279618e+00,1.647472983719834305e+00,1.051874928294693312e+00,1.770593740510284730e+00,1.569516848843501622e+00,1.105637424629755339e+00,1.216471494091418082e+00,1.829179562806580783e+00,1.213504490447292694e+00,1.262783860617741061e+00,1.021636223990533887e+00,1.385896493268495844e+00,1.584512232749649696e+00,1.309307476535236603e+00,1.574483674314525183e+00,1.425606994508280545e+00,1.413456934895994221e+00,1.512270033688115189e+00,9.970678178023847371e-01,1.620641176167394004e+00,1.898995576654159967e+00,1.243842102708474950e+00,1.485184600248925069e+00,1.442135771256202847e+00,1.173435945951391446e+00,1.272472739343708303e+00,2.064468220263028897e+00,1.237653833540770965e+00,1.216471494091418082e+00,9.513132716699617131e-01,1.974352543981706232e+00,1.610151589266634264e+00,8.837244068976730649e-01,1.599796916666848867e+00,1.569516848843501622e+00,1.015381308333448862e+00,1.323236279477101096e+00,1.141139543769243092e+00,1.058589023581680832e+00,9.871762719908531158e-01,4.498524783755786238e-01,7.392820818475334121e-01,4.940782930321648281e-01,5.758528253279976417e-01,5.473452597177007606e-01,1.231526834364826684e+00,0.000000000000000000e+00,0.000000000000000000e+00,0.000000000000000000e+00,0.000000000000000000e+00,0.000000000000000000e+00,0.000000000000000000e+00,0.000000000000000000e+00,0.000000000000000000e+00,0.000000000000000000e+00,0.000000000000000000e+00,0.000000000000000000e+00,0.000000000000000000e+00,0.000000000000000000e+00,0.000000000000000000e+00,0.000000000000000000e+00,0.000000000000000000e+00,0.000000000000000000e+00,0.000000000000000000e+00,0.000000000000000000e+00,0.000000000000000000e+00,0.000000000000000000e+00,0.000000000000000000e+00,0.000000000000000000e+00,0.000000000000000000e+00,0.000000000000000000e+00,0.000000000000000000e+00,0.000000000000000000e+00
0.000000000000000000e+00,0.000000000000000000e+00,0.000000000000000000e+00,0.000000000000000000e+00,0.000000000000000000e+00,0.000000000000000000e+00,0.000000000000000000e+00,0.000000000000000000e+00,0.000000000000000000e+00,0.000000000000000000e+00,0.000000000000000000e+00,0.000000000000000000e+00,0.000000000000000000e+00,0.000000000000000000e+00,0.000000000000000000e+00,0.000000000000000000e+00,0.000000000000000000e+00,0.000000000000000000e+00,0.000000000000000000e+00,0.000000000000000000e+00,0.000000000000000000e+00,0.000000000000000000e+00,0.000000000000000000e+00,0.000000000000000000e+00,0.000000000000000000e+00,0.000000000000000000e+00,0.000000000000000000e+00,0.000000000000000000e+00,0.000000000000000000e+00,0.000000000000000000e+00,7.960589457334238395e-01,5.378776660360973239e-01,5.846496369957578931e-01,4.985339089011923686e-01,6.872055816068922685e-01,1.228486027366394895e+00,6.436440376240490924e-01,6.891091981764403407e-01,1.363114633105177997e+00,6.616181397385505480e-01,6.581175146605687809e-01,5.355617234482130673e-01,3.631655774331313591e+00,8.333950436907704429e-01,7.481757008772781381e-01,5.528187123148776694e-01,1.093487562820637304e+00,1.856480750311156447e+00,6.919844799490820764e-01,1.323236279477101096e+00,1.359390276184125446e+00,6.714397315565316937e-01,1.190279524122942467e+00,1.025849156872969070e+00,7.654412939744461575e-01,1.088702059263435329e+00,1.216471494091418082e+00,7.515662252014954081e-01,1.219453041871053856e+00,1.269226635416811133e+00,8.805961789086548253e-01,8.563456817270050925e-01,1.326764909555706584e+00,8.404338531814019575e-01,9.623536578015280396e-01,7.179463796297113065e-01,1.017457752726768749e+00,1.184611526389023783e+00,9.813349922749308174e-01,1.072277674748685294e+00,1.086324980531419016e+00,1.125648961727126585e+00,1.079255620571344831e+00,7.947872860757028146e-01,1.282311446091211060e+00,1.288955546848160605e+00,8.805961789086548253e-01,1.157062421124162688e+00,1.038699041927745315e+00,8.637792379919964070e-01,9.698573900261011627e-01,1.530882587948892315e+00,9.755624334968431288e-01,8.980809405837363313e-01,8.011865395867793227e-01,1.292303483333480330e+00,1.246959501462130193e+00,6.461517416667401648e-01,1.120578470908535795e+00,1.036535085590395644e+00,6.834297267628982597e-01,9.755624334968431288e-01,7.538436986111969329e-01,6.919844799490820764e-01,6.097265209355269278e-01,3.002636337256426868e-01,4.858758213704980622e-01,4.018875937668739406e-01,5.384597847222835076e-01,6.939147016504741972e-01,0.000000000000000000e+00,0.000000000000000000e+00,0.000000000000000000e+00,0.000000000000000000e+00,0.000000000000000000e+00,0.000000000000000000e+00,0.000000000000000000e+00,0.000000000000000000e+00,0.000000000000000000e+00,0.000000000000000000e+00,0.000000000000000000e+00,0.000000000000000000e+00,0.000000000000000000e+00,0.000000000000000000e+00,0.000000000000000000e+00,0.000000000000000000e+00,0.000000000000000000e+00,0.000000000000000000e+00,0.000000000000000000e+00,0.000000000000000000e+00,0.000000000000000000e+00,0.000000000000000000e+00,0.000000000000000000e+00,0.000000000000000000e+00,0.000000000000000000e+00,0.000000000000000000e+00,0.000000000000000000e+00,0.000000000000000000e+00
0.000000000000000000e+00,0.000000000000000000e+00,0.000000000000000000e+00,0.000000000000000000e+00,0.000000000000000000e+00,0.000000000000000000e+00,0.000000000000000000e+00,0.000000000000000000e+00,0.000000000000000000e+00,0.000000000000000000e+00,0.000000000000000000e+00,0.000000000000000000e+00,0.000000000000000000e+00,0.000000000000000000e+00,0.000000000000000000e+00,0.000000000000000000e+00,0.000000000000000000e+00,0.000000000000000000e+00,0.000000000000000000e+00,0.000000000000000000e+00,0.000000000000000000e+00,0.000000000000000000e+00,0.000000000000000000e+00,0.000000000000000000e+00,0.000000000000000000e+00,0.000000000000000000e+00,0.000000000000000000e+00,0.000000000000000000e+00,0.000000000000000000e+00,0.000000000000000000e+00,0.000000000000000000e+00,1.030096979468716256e+00,1.081601828442152025e+00,8.980809405837363313e-01,1.262783860617741061e+00,2.073070171180791288e+00,1.225460199712783194e+00,1.193133911470959152e+00,2.564622892182422120e+00,1.240740252078279315e+00,1.130765547916795288e+00,9.774790591029272058e-01,5.129245784364844241e+00,1.385896493268495844e+00,1.253241413308286978e+00,9.736533093608414902e-01,1.751890285504894340e+00,2.577911093696321210e+00,1.316235029321137562e+00,2.512812328703990072e+00,2.369223052778047567e+00,1.421533831666828451e+00,2.346871891902782892e+00,1.615379354166850634e+00,1.366859453525796519e+00,2.231106910687847389e+00,2.292796502688433158e+00,1.348338322719214055e+00,2.314124842248325375e+00,1.764315039302801091e+00,1.776917289583535675e+00,1.584512232749649696e+00,2.346871891902782892e+00,1.625937389161405289e+00,1.698077955916006632e+00,1.312762113676490650e+00,1.966548778985731216e+00,2.577911093696321210e+00,1.863433861735543040e+00,1.974352543981706232e+00,2.271857721841963329e+00,2.099311565752700393e+00,2.172649961062838031e+00,1.516880613059115701e+00,2.099311565752700393e+00,2.403559618760338079e+00,1.856480750311156447e+00,2.039085414276188502e+00,1.594669362446762717e+00,1.472002488412396337e+00,1.796161881167472663e+00,2.392004043670143965e+00,1.721580764994429025e+00,1.620641176167394004e+00,1.326764909555706584e+00,2.551470979914820525e+00,2.403559618760338079e+00,1.110573305989709825e+00,1.669586715044932834e+00,2.030762616666897724e+00,1.138528240465423336e+00,1.574483674314525183e+00,1.382046780787194340e+00,1.086324980531419016e+00,1.058589023581680832e+00,4.724946259101518442e-01,8.196653065624217582e-01,7.169118747599279029e-01,0.000000000000000000e+00,0.000000000000000000e+00,0.000000000000000000e+00,0.000000000000000000e+00,0.000000000000000000e+00,0.000000000000000000e+00,0.000000000000000000e+00,0.000000000000000000e+00,0.000000000000000000e+00,0.000000000000000000e+00,0.000000000000000000e+00,0.000000000000000000e+00,0.000000000000000000e+00,0.000000000000000000e+00,0.000000000000000000e+00,0.000000000000000000e+00,0.000000000000000000e+00,0.000000000000000000e+00,0.000000000000000000e+00,0.000000000000000000e+00,0.000000000000000000e+00,0.000000000000000000e+00,0.000000000000000000e+00,0.000000000000000000e+00,0.000000000000000000e+00,0.000000000000000000e+00,0.000000000000000000e+00,0.000000000000000000e+00,0.000000000000000000e+00,0.000000000000000000e+00
0.000000000000000000e+00,0.000000000000000000e+00,0.000000000000000000e+00,0.000000000000000000e+00,0.000000000000000000e+00,0.000000000000000000e+00,0.000000000000000000e+00,0.000000000000000000e+00,0.000000000000000000e+00,0.000000000000000000e+00,0.000000000000000000e+00,0.000000000000000000e+00,0.000000000000000000e+00,0.000000000000000000e+00,0.000000000000000000e+00,0.000000000000000000e+00,0.000000000000000000e+00,0.000000000000000000e+00,0.000000000000000000e+00,0.000000000000000000e+00,0.000000000000000000e+00,0.000000000000000000e+00,0.000000000000000000e+00,0.000000000000000000e+00,0.000000000000000000e+00,0.000000000000000000e+00,0.000000000000000000e+00,0.000000000000000000e+00,0.000000000000000000e+00,0.000000000000000000e+00,9.604958322073163801e-01,4.960486949983947680e-01,3.896138144740720066e-01,3.169024465499299392e-01,4.002709904130248852e-01,7.370916164198368925e-01,3.945573680280650142e-01,4.025378973166585661e-01,9.317169308677715200e-01,3.983481513878222025e-01,3.859866881950270723e-01,3.234959955028543499e-01,2.153839138889134031e+00,4.858758213704980622e-01,4.543715443683926658e-01,3.589731898148556533e-01,6.815573165525889987e-01,1.100745223635818393e+00,4.074830803303766680e-01,8.790403552710069901e-01,7.403822039931398091e-01,4.031903088196028828e-01,7.158803468825755134e-01,5.731991256721082895e-01,4.816426341562342062e-01,6.607394967906904393e-01,7.678037671039967815e-01,4.498524783755786238e-01,7.725727346015371921e-01,6.958557217949509210e-01,5.204360262378555646e-01,5.402137253891312607e-01,8.223749439394875127e-01,5.123963347923686795e-01,5.731991256721082895e-01,4.585593005376866205e-01,6.354238072584801333e-01,7.761885196308735413e-01,5.771889107695938881e-01,6.714397315565316937e-01,7.067284674479971107e-01,6.843697951628472387e-01,7.381852241593322983e-01,4.698176025338904327e-01,6.853124532829062421e-01,9.423046232639962216e-01,5.731991256721082895e-01,6.948838562617177805e-01,6.537934836838238395e-01,5.485521952407828028e-01,5.686135326667314249e-01,9.112396356838643463e-01,5.908988611441686745e-01,5.408009142210760123e-01,4.654226764110289682e-01,7.689904808089488286e-01,7.689904808089488286e-01,3.743693311387433775e-01,6.305916870511912853e-01,6.219210513542374752e-01,3.674570465903914118e-01,4.816426341562342062e-01,3.693666229275352486e-01,3.405454079968445735e-01,2.968596903838842116e-01,1.730562925507443395e-01,4.051602940418485010e-01,4.844565151737000863e-01,0.000000000000000000e+00,0.000000000000000000e+00,0.000000000000000000e+00,0.000000000000000000e+00,0.000000000000000000e+00,0.000000000000000000e+00,0.000000000000000000e+00,0.000000000000000000e+00,0.000000000000000000e+00,0.000000000000000000e+00,0.000000000000000000e+00,0.000000000000000000e+00,0.000000000000000000e+00,0.000000000000000000e+00,0.000000000000000000e+00,0.000000000000000000e+00,0.000000000000000000e+00,0.000000000000000000e+00,0.000000000000000000e+00,0.000000000000000000e+00,0.000000000000000000e+00,0.000000000000000000e+00,0.000000000000000000e+00,0.000000000000000000e+00,0.000000000000000000e+00,0.000000000000000000e+00,0.000000000000000000e+00,0.000000000000000000e+00,0.000000000000000000e+00,0.000000000000000000e+00
0.000000000000000000e+00,0.000000000000000000e+00,0.000000000000000000e+00,0.000000000000000000e+00,0.000000000000000000e+00,0.000000000000000000e+00,0.000000000000000000e+00,0.000000000000000000e+00,0.000000000000000000e+00,0.000000000000000000e+00,0.000000000000000000e+00,0.000000000000000000e+00,0.000000000000000000e+00,0.000000000000000000e+00,0.000000000000000000e+00,0.000000000000000000e+00,0.000000000000000000e+00,0.000000000000000000e+00,0.000000000000000000e+00,0.000000000000000000e+00,0.000000000000000000e+00,0.000000000000000000e+00,0.000000000000000000e+00,0.000000000000000000e+00,0.000000000000000000e+00,0.000000000000000000e+00,0.000000000000000000e+00,0.000000000000000000e+00,0.000000000000000000e+00,0.000000000000000000e+00,0.000000000000000000e+00,0.000000000000000000e+00,0.000000000000000000e+00,8.713429791302801375e-01,1.072277674748685294e+00,1.703893291381472608e+00,9.774790591029272058e-01,9.369808683303012531e-01,1.982218490372071429e+00,1.023738356138662375e+00,1.001080163145653845e+00,8.744056961043760179e-01,5.129245784364844241e+00,1.086324980531419016e+00,1.058589023581680832e+00,8.868749395425846727e-01,1.642035779153102171e+00,2.674929253136505203e+00,1.023738356138662375e+00,2.144555349497370589e+00,1.998139924029678438e+00,1.030096979468716256e+00,1.877497513522226047e+00,1.521519391692323975e+00,1.187438761535536846e+00,1.764315039302801091e+00,2.055937359848718948e+00,1.167926857003262819e+00,1.935941015888676731e+00,1.658456136944633341e+00,1.326764909555706584e+00,1.421533831666828451e+00,2.163203656884304049e+00,1.256406164351995036e+00,1.498604943022258773e+00,1.198883954417807152e+00,1.564581261268521706e+00,1.809224876666872595e+00,1.370624906565812484e+00,1.758080710542013980e+00,1.764315039302801091e+00,1.594669362446762717e+00,1.745743302046982359e+00,1.234582732216848555e+00,1.884609246527992443e+00,2.144555349497370589e+00,1.393660619281204216e+00,1.569516848843501622e+00,1.579482035185364897e+00,1.316235029321137562e+00,1.516880613059115701e+00,2.314124842248325375e+00,1.352002285552690308e+00,1.269226635416811133e+00,1.240740252078279315e+00,2.030762616666897724e+00,1.815827887165656795e+00,9.317169308677715200e-01,1.526186629090153346e+00,1.472002488412396337e+00,7.642655008961444230e-01,9.095737496954111601e-01,7.047264038008356213e-01,6.362363696718541517e-01,6.313919303088705304e-01,5.384597847222835076e-01,0.000000000000000000e+00,0.000000000000000000e+00,0.000000000000000000e+00,0.000000000000000000e+00,0.000000000000000000e+00,0.000000000000000000e+00,0.000000000000000000e+00,0.000000000000000000e+00,0.000000000000000000e+00,0.000000000000000000e+00,0.000000000000000000e+00,0.000000000000000000e+00,0.000000000000000000e+00,0.000000000000000000e+00,0.000000000000000000e+00,0.000000000000000000e+00,0.000000000000000000e+00,0.000000000000000000e+00,0.000000000000000000e+00,0.000000000000000000e+00,0.000000000000000000e+00,0.000000000000000000e+00,0.000000000000000000e+00,0.000000000000000000e+00,0.000000000000000000e+00,0.000000000000000000e+00,0.000000000000000000e+00,0.000000000000000000e+00,0.000000000000000000e+00,0.000000000000000000e+00,0.000000000000000000e+00,0.000000000000000000e+00
0.000000000000000000e+00,0.000000000000000000e+00,0.000000000000000000e+00,0.000000000000000000e+00,0.000000000000000000e+00,0.000000000000000000e+00,0.000000000000000000e+00,0.000000000000000000e+00,0.000000000000000000e+00,0.000000000000000000e+00,0.000000000000000000e+00,0.000000000000000000e+00,0.000000000000000000e+00,0.000000000000000000e+00,0.000000000000000000e+00,0.000000000000000000e+00,0.000000000000000000e+00,0.000000000000000000e+00,0.000000000000000000e+00,0.000000000000000000e+00,0.000000000000000000e+00,0.000000000000000000e+00,0.000000000000000000e+00,0.000000000000000000e+00,0.000000000000000000e+00,0.000000000000000000e+00,0.000000000000000000e+00,0.000000000000000000e+00,0.000000000000000000e+00,0.000000000000000000e+00,0.000000000000000000e+00,0.000000000000000000e+00,1.151705650655995283e+00,6.370510129108706288e-01,6.581175146605687809e-01,9.334649926517635254e-01,5.443510296317176644e-01,5.113431049161253350e-01,1.081601828442152025e+00,4.990339429121262715e-01,4.830454767799902682e-01,4.068167138866639054e-01,2.779535425046871122e+00,6.097265209355269278e-01,5.923057631945118917e-01,4.303951912486072562e-01,8.320014064939631471e-01,1.201779809380169040e+00,5.097713535690471254e-01,1.007159597334797541e+00,9.891388490723458382e-01,4.955546225930178572e-01,9.774790591029272058e-01,7.425923001244625343e-01,5.731991256721082895e-01,8.622822202485094234e-01,1.015381308333448862e+00,5.647410227961293661e-01,9.660909535599805364e-01,8.837244068976730649e-01,6.607394967906904393e-01,6.723470825451215438e-01,9.970678178023847371e-01,6.723470825451215438e-01,7.403822039931398091e-01,6.362363696718541517e-01,9.162741088091895802e-01,1.025849156872969070e+00,7.973346812233813585e-01,8.916430843788349936e-01,8.964627767268288361e-01,8.593036978987736996e-01,8.578221397989481689e-01,6.266207066541434889e-01,9.642186842701355731e-01,1.123107993416230244e+00,6.834297267628982597e-01,8.980809405837363313e-01,7.947872860757028146e-01,7.284580396535723645e-01,7.067284674479971107e-01,1.170674920196211666e+00,6.598631844607293351e-01,6.642681456387048433e-01,6.030749588889575685e-01,9.950736821667799381e-01,9.029706734725770900e-01,4.135800840260930866e-01,6.806249536024485680e-01,7.349140931807828236e-01,3.696410409237667061e-01,4.564558175076972590e-01,3.939325740961124311e-01,4.292811398476186202e-01,5.338378123212338400e-01,6.188269167703854823e-01,0.000000000000000000e+00,0.000000000000000000e+00,0.000000000000000000e+00,0.000000000000000000e+00,0.000000000000000000e+00,0.000000000000000000e+00,0.000000000000000000e+00,0.000000000000000000e+00,0.000000000000000000e+00,0.000000000000000000e+00,0.000000000000000000e+00,0.000000000000000000e+00,0.000000000000000000e+00,0.000000000000000000e+00,0.000000000000000000e+00,0.000000000000000000e+00,0.000000000000000000e+00,0.000000000000000000e+00,0.000000000000000000e+00,0.000000000000000000e+00,0.000000000000000000e+00,0.000000000000000000e+00,0.000000000000000000e+00,0.000000000000000000e+00,0.000000000000000000e+00,0.000000000000000000e+00,0.000000000000000000e+00,0.000000000000000000e+00,0.000000000000000000e+00,0.000000000000000000e+00,0.000000000000000000e+00,0.000000000000000000e+00
0.000000000000000000e+00,0.000000000000000000e+00,0.000000000000000000e+00,0.000000000000000000e+00,0.000000000000000000e+00,0.000000000000000000e+00,0.000000000000000000e+00,0.000000000000000000e+00,0.000000000000000000e+00,0.000000000000000000e+00,0.000000000000000000e+00,0.000000000000000000e+00,0.000000000000000000e+00,0.000000000000000000e+00,0.000000000000000000e+00,0.000000000000000000e+00,0.000000000000000000e+00,0.000000000000000000e+00,0.000000000000000000e+00,0.000000000000000000e+00,0.000000000000000000e+00,0.000000000000000000e+00,0.000000000000000000e+00,0.000000000000000000e+00,0.000000000000000000e+00,0.000000000000000000e+00,0.000000000000000000e+00,0.000000000000000000e+00,0.000000000000000000e+00,0.000000000000000000e+00,0.000000000000000000e+00,0.000000000000000000e+00,0.000000000000000000e+00,0.000000000000000000e+00,1.013313321962097779e+00,0.000000000000000000e+00,6.778431077430381313e-01,5.994419772089035758e-01,1.110573305989709825e+00,6.234797507310650966e-01,5.602892354542678977e-01,4.793225829319748832e-01,2.859407132663160933e+00,6.529354869860760635e-01,6.354238072584801333e-01,4.995349810074196095e-01,9.891388490723458382e-01,1.480764407986279618e+00,6.226994256362827773e-01,1.219453041871053856e+00,1.103185900406629560e+00,6.180581876812297759e-01,1.019542707138094251e+00,8.320014064939631471e-01,7.169118747599279029e-01,1.038699041927745315e+00,1.128201453703832069e+00,7.067284674479971107e-01,1.038699041927745315e+00,1.017457752726768749e+00,7.538436986111969329e-01,7.654412939744461575e-01,1.243842102708474950e+00,8.129686945807026444e-01,8.447145009904754032e-01,7.327493977664064628e-01,1.003098469926189562e+00,1.038699041927745315e+00,8.519466456907363039e-01,9.265118083489570777e-01,1.065389381334882035e+00,9.282403751555782234e-01,9.660909535599805364e-01,7.189838743979622970e-01,1.081601828442152025e+00,1.344694165090243088e+00,8.223749439394875127e-01,9.755624334968431288e-01,9.062601841227504451e-01,7.725727346015371921e-01,8.210178895765510854e-01,1.253241413308286978e+00,7.725727346015371921e-01,7.437023035626156853e-01,6.067522452236463470e-01,9.623536578015280396e-01,8.637792379919964070e-01,3.803798479230809937e-01,6.411557230456055301e-01,6.038068459749877936e-01,3.286240694077873226e-01,4.564558175076972590e-01,4.811768289007640198e-01,7.263311548662627626e-01,0.000000000000000000e+00,0.000000000000000000e+00,0.000000000000000000e+00,0.000000000000000000e+00,0.000000000000000000e+00,0.000000000000000000e+00,0.000000000000000000e+00,0.000000000000000000e+00,0.000000000000000000e+00,0.000000000000000000e+00,0.000000000000000000e+00,0.000000000000000000e+00,0.000000000000000000e+00,0.000000000000000000e+00,0.000000000000000000e+00,0.000000000000000000e+00,0.000000000000000000e+00,0.000000000000000000e+00,0.000000000000000000e+00,0.000000000000000000e+00,0.000000000000000000e+00,0.000000000000000000e+00,0.000000000000000000e+00,0.000000000000000000e+00,0.000000000000000000e+00,0.000000000000000000e+00,0.000000000000000000e+00,0.000000000000000000e+00,0.000000000000000000e+00,0.000000000000000000e+00,0.000000000000000000e+00,0.000000000000000000e+00,0.000000000000000000e+00,0.000000000000000000e+00
0.000000000000000000e+00,0.000000000000000000e+00,0.000000000000000000e+00,0.000000000000000000e+00,0.000000000000000000e+00,0.000000000000000000e+00,0.000000000000000000e+00,0.000000000000000000e+00,0.000000000000000000e+00,0.000000000000000000e+00,0.000000000000000000e+00,0.000000000000000000e+00,0.000000000000000000e+00,0.000000000000000000e+00,0.000000000000000000e+00,0.000000000000000000e+00,0.000000000000000000e+00,0.000000000000000000e+00,0.000000000000000000e+00,0.000000000000000000e+00,0.000000000000000000e+00,0.000000000000000000e+00,0.000000000000000000e+00,0.000000000000000000e+00,0.000000000000000000e+00,0.000000000000000000e+00,0.000000000000000000e+00,0.000000000000000000e+00,0.000000000000000000e+00,0.000000000000000000e+00,0.000000000000000000e+00,0.000000000000000000e+00,0.000000000000000000e+00,0.000000000000000000e+00,0.000000000000000000e+00,0.000000000000000000e+00,8.637792379919964070e-01,6.900649668285574467e-01,0.000000000000000000e+00,5.853374600981058329e-01,5.479480628671695719e-01,4.474252168016096820e-01,2.875935497591849188e+00,6.030749588889575685e-01,6.119764342969126192e-01,4.474252168016096820e-01,8.837244068976730649e-01,1.333878930518471728e+00,5.765200939552607151e-01,1.165191665300679080e+00,9.549651460333780095e-01,5.315564541489209427e-01,1.030096979468716256e+00,7.737742474080714361e-01,6.338048930998598784e-01,9.950736821667799381e-01,1.130765547916795288e+00,6.486790626902085855e-01,1.093487562820637304e+00,9.568016174680575858e-01,7.654412939744461575e-01,7.725727346015371921e-01,1.072277674748685294e+00,7.360012442061981686e-01,7.822906306342608529e-01,6.297934697258100734e-01,9.679705079443383653e-01,9.990699620148392190e-01,8.759451427524471701e-01,1.019542707138094251e+00,1.001080163145653845e+00,9.282403751555782234e-01,1.030096979468716256e+00,6.598631844607293351e-01,1.051874928294693312e+00,1.138528240465423336e+00,7.798383089081347697e-01,9.369808683303012531e-01,8.805961789086548253e-01,7.169118747599279029e-01,7.295261599463195301e-01,1.159759536324918461e+00,6.968303096406021080e-01,6.250462827680778322e-01,5.479480628671695719e-01,8.050757946333171322e-01,7.619247183512862787e-01,3.310291690508249673e-01,5.253820919571171588e-01,5.248278914381750981e-01,3.623720619689657640e-01,6.616181397385505480e-01,9.930875071524748465e-01,0.000000000000000000e+00,0.000000000000000000e+00,0.000000000000000000e+00,0.000000000000000000e+00,0.000000000000000000e+00,0.000000000000000000e+00,0.000000000000000000e+00,0.000000000000000000e+00,0.000000000000000000e+00,0.000000000000000000e+00,0.000000000000000000e+00,0.000000000000000000e+00,0.000000000000000000e+00,0.000000000000000000e+00,0.000000000000000000e+00,0.000000000000000000e+00,0.000000000000000000e+00,0.000000000000000000e+00,0.000000000000000000e+00,0.000000000000000000e+00,0.000000000000000000e+00,0.000000000000000000e+00,0.000000000000000000e+00,0.000000000000000000e+00,0.000000000000000000e+00,0.000000000000000000e+00,0.000000000000000000e+00,0.000000000000000000e+00,0.000000000000000000e+00,0.000000000000000000e+00,0.000000000000000000e+00,0.000000000000000000e+00,0.000000000000000000e+00,0.000000000000000000e+00,0.000000000000000000e+00
0.000000000000000000e+00,0.000000000000000000e+00,0.000000000000000000e+00,0.000000000000000000e+00,0.000000000000000000e+00,0.000000000000000000e+00,0.000000000000000000e+00,0.000000000000000000e+00,0.000000000000000000e+00,0.000000000000000000e+00,0.000000000000000000e+00,0.000000000000000000e+00,0.000000000000000000e+00,0.000000000000000000e+00,0.000000000000000000e+00,0.000000000000000000e+00,0.000000000000000000e+00,0.000000000000000000e+00,0.000000000000000000e+00,0.000000000000000000e+00,0.000000000000000000e+00,0.000000000000000000e+00,0.000000000000000000e+00,0.000000000000000000e+00,0.000000000000000000e+00,0.000000000000000000e+00,0.000000000000000000e+00,0.000000000000000000e+00,0.000000000000000000e+00,0.000000000000000000e+00,0.000000000000000000e+00,0.000000000000000000e+00,0.000000000000000000e+00,0.000000000000000000e+00,0.000000000000000000e+00,0.000000000000000000e+00,0.000000000000000000e+00,9.813349922749308174e-01,0.000000000000000000e+00,7.305974171562260588e-01,5.332656388889495114e-01,4.068167138866639054e-01,0.000000000000000000e+00,6.436440376240490924e-01,5.590301585206628454e-01,4.502595846908506450e-01,8.728716510234911796e-01,1.240740252078279315e+00,5.097713535690471254e-01,1.076919569444567015e+00,9.129116350153945181e-01,5.332656388889495114e-01,9.679705079443383653e-01,7.425923001244625343e-01,6.651562046569383657e-01,9.423046232639962216e-01,9.813349922749308174e-01,6.180581876812297759e-01,9.531357108877203110e-01,9.046124383334362973e-01,6.872055816068922685e-01,6.633824547778532921e-01,1.115553455343923694e+00,7.128034972541402725e-01,7.037296196370438350e-01,5.839634285016314097e-01,8.196653065624217582e-01,9.334649926517635254e-01,8.852968702551423652e-01,8.607903824972145124e-01,9.029706734725770900e-01,8.183171728345228768e-01,9.755624334968431288e-01,5.686135326667314249e-01,9.387487567611130235e-01,1.141139543769243092e+00,6.987876981508286400e-01,8.868749395425846727e-01,7.884894470418224444e-01,6.529354869860760635e-01,7.097529830005563367e-01,1.045245464460903273e+00,6.266207066541434889e-01,5.188079677616161955e-01,4.061525233333795337e-01,6.370510129108706288e-01,5.534336385799665248e-01,2.864345659662578814e-01,5.751870995183698820e-01,6.313919303088705304e-01,6.616181397385505480e-01,0.000000000000000000e+00,0.000000000000000000e+00,0.000000000000000000e+00,0.000000000000000000e+00,0.000000000000000000e+00,0.000000000000000000e+00,0.000000000000000000e+00,0.000000000000000000e+00,0.000000000000000000e+00,0.000000000000000000e+00,0.000000000000000000e+00,0.000000000000000000e+00,0.000000000000000000e+00,0.000000000000000000e+00,0.000000000000000000e+00,0.000000000000000000e+00,0.000000000000000000e+00,0.000000000000000000e+00,0.000000000000000000e+00,0.000000000000000000e+00,0.000000000000000000e+00,0.000000000000000000e+00,0.000000000000000000e+00,0.000000000000000000e+00,0.000000000000000000e+00,0.000000000000000000e+00,0.000000000000000000e+00,0.000000000000000000e+00,0.000000000000000000e+00,0.000000000000000000e+00,0.000000000000000000e+00,0.000000000000000000e+00,0.000000000000000000e+00,0.000000000000000000e+00,0.000000000000000000e+00,0.000000000000000000e+00,0.000000000000000000e+00
0.000000000000000000e+00,0.000000000000000000e+00,0.000000000000000000e+00,0.000000000000000000e+00,0.000000000000000000e+00,0.000000000000000000e+00,0.000000000000000000e+00,0.000000000000000000e+00,0.000000000000000000e+00,0.000000000000000000e+00,0.000000000000000000e+00,0.000000000000000000e+00,0.000000000000000000e+00,0.000000000000000000e+00,0.000000000000000000e+00,0.000000000000000000e+00,0.000000000000000000e+00,0.000000000000000000e+00,0.000000000000000000e+00,0.000000000000000000e+00,0.000000000000000000e+00,0.000000000000000000e+00,0.000000000000000000e+00,0.000000000000000000e+00,0.000000000000000000e+00,0.000000000000000000e+00,0.000000000000000000e+00,0.000000000000000000e+00,0.000000000000000000e+00,0.000000000000000000e+00,0.000000000000000000e+00,0.000000000000000000e+00,0.000000000000000000e+00,0.000000000000000000e+00,0.000000000000000000e+00,0.000000000000000000e+00,0.000000000000000000e+00,0.000000000000000000e+00,0.000000000000000000e+00,1.001080163145653845e+00,7.561350168440575947e-01,4.807119237520676158e-01,0.000000000000000000e+00,6.023448439266222421e-01,5.839634285016314097e-01,4.322648488995569083e-01,8.076896770834253170e-01,1.279015015638534702e+00,5.679644304604908323e-01,1.058589023581680832e+00,9.531357108877203110e-01,5.479480628671695719e-01,9.265118083489570777e-01,7.859981691680726357e-01,6.419830207527612576e-01,9.352196260965977004e-01,1.032234110131514448e+00,6.282030821759975181e-01,1.113057810029955075e+00,9.852214674918613468e-01,6.853124532829062421e-01,6.958557217949509210e-01,1.067675624642467680e+00,7.231640132026017076e-01,7.381852241593322983e-01,6.074930904559096012e-01,8.333950436907704429e-01,1.043054174179014693e+00,8.593036978987736996e-01,9.513132716699617131e-01,9.079139435828283977e-01,8.490389779580033158e-01,9.405233290801321422e-01,6.195975605023537058e-01,8.821575196514005457e-01,1.086324980531419016e+00,7.284580396535723645e-01,8.447145009904754032e-01,8.156341657104753118e-01,6.242620339816686847e-01,6.211446205785142727e-01,8.997049567511572477e-01,5.315564541489209427e-01,4.180981857843613092e-01,3.634308554297954186e-01,5.916014757234125954e-01,5.479480628671695719e-01,3.763516195789636809e-01,1.051874928294693312e+00,0.000000000000000000e+00,0.000000000000000000e+00,0.000000000000000000e+00,0.000000000000000000e+00,0.000000000000000000e+00,0.000000000000000000e+00,0.000000000000000000e+00,0.000000000000000000e+00,0.000000000000000000e+00,0.000000000000000000e+00,0.000000000000000000e+00,0.000000000000000000e+00,0.000000000000000000e+00,0.000000000000000000e+00,0.000000000000000000e+00,0.000000000000000000e+00,0.000000000000000000e+00,0.000000000000000000e+00,0.000000000000000000e+00,0.000000000000000000e+00,0.000000000000000000e+00,0.000000000000000000e+00,0.000000000000000000e+00,0.000000000000000000e+00,0.000000000000000000e+00,0.000000000000000000e+00,0.000000000000000000e+00,0.000000000000000000e+00,0.000000000000000000e+00,0.000000000000000000e+00,0.000000000000000000e+00,0.000000000000000000e+00,0.000000000000000000e+00,0.000000000000000000e+00,0.000000000000000000e+00,0.000000000000000000e+00,0.000000000000000000e+00,0.000000000000000000e+00,0.000000000000000000e+00
0.000000000000000000e+00,0.000000000000000000e+00,0.000000000000000000e+00,0.000000000000000000e+00,0.000000000000000000e+00,0.000000000000000000e+00,0.000000000000000000e+00,0.000000000000000000e+00,0.000000000000000000e+00,0.000000000000000000e+00,0.000000000000000000e+00,0.000000000000000000e+00,0.000000000000000000e+00,0.000000000000000000e+00,0.000000000000000000e+00,0.000000000000000000e+00,0.000000000000000000e+00,0.000000000000000000e+00,0.000000000000000000e+00,0.000000000000000000e+00,0.000000000000000000e+00,0.000000000000000000e+00,0.000000000000000000e+00,0.000000000000000000e+00,0.000000000000000000e+00,0.000000000000000000e+00,0.000000000000000000e+00,0.000000000000000000e+00,0.000000000000000000e+00,0.000000000000000000e+00,0.000000000000000000e+00,0.000000000000000000e+00,0.000000000000000000e+00,0.000000000000000000e+00,0.000000000000000000e+00,0.000000000000000000e+00,0.000000000000000000e+00,0.000000000000000000e+00,0.000000000000000000e+00,0.000000000000000000e+00,0.000000000000000000e+00,6.478344284939974163e-01,0.000000000000000000e+00,6.607394967906904393e-01,5.778592811653774364e-01,4.012393879704757582e-01,7.822906306342608529e-01,1.143762853065264373e+00,4.742963213378360021e-01,9.513132716699617131e-01,8.837244068976730649e-01,4.715989015008435481e-01,8.744056961043760179e-01,6.696323567744144611e-01,5.792047044044120740e-01,9.531357108877203110e-01,8.447145009904754032e-01,5.771889107695938881e-01,8.637792379919964070e-01,8.578221397989481689e-01,6.486790626902085855e-01,6.660466413432262200e-01,1.019542707138094251e+00,6.678346860179731337e-01,7.481757008772781381e-01,6.089802216442961047e-01,7.725727346015371921e-01,8.884586447917678376e-01,8.011865395867793227e-01,8.900480162493559222e-01,8.418559070784938925e-01,8.333950436907704429e-01,7.973346812233813585e-01,5.344112149123415589e-01,8.063806176392057656e-01,9.440926775775900781e-01,5.888009953649585571e-01,6.968303096406021080e-01,6.346133177084055665e-01,5.226227322304516365e-01,4.940782930321648281e-01,6.843697951628472387e-01,3.961280581874124240e-01,3.501314856322237934e-01,3.629006864211450911e-01,6.495259021976370617e-01,8.980809405837363313e-01,7.822906306342608529e-01,0.000000000000000000e+00,0.000000000000000000e+00,0.000000000000000000e+00,0.000000000000000000e+00,0.000000000000000000e+00,0.000000000000000000e+00,0.000000000000000000e+00,0.000000000000000000e+00,0.000000000000000000e+00,0.000000000000000000e+00,0.000000000000000000e+00,0.000000000000000000e+00,0.000000000000000000e+00,0.000000000000000000e+00,0.000000000000000000e+00,0.000000000000000000e+00,0.000000000000000000e+00,0.000000000000000000e+00,0.000000000000000000e+00,0.000000000000000000e+00,0.000000000000000000e+00,0.000000000000000000e+00,0.000000000000000000e+00,0.000000000000000000e+00,0.000000000000000000e+00,0.000000000000000000e+00,0.000000000000000000e+00,0.000000000000000000e+00,0.000000000000000000e+00,0.000000000000000000e+00,0.000000000000000000e+00,0.000000000000000000e+00,0.000000000000000000e+00,0.000000000000000000e+00,0.000000000000000000e+00,0.000000000000000000e+00,0.000000000000000000e+00,0.000000000000000000e+00,0.000000000000000000e+00,0.000000000000000000e+00
0.000000000000000000e+00,0.000000000000000000e+00,0.000000000000000000e+00,0.000000000000000000e+00,0.000000000000000000e+00,0.000000000000000000e+00,0.000000000000000000e+00,0.000000000000000000e+00,0.000000000000000000e+00,0.000000000000000000e+00,0.000000000000000000e+00,0.000000000000000000e+00,0.000000000000000000e+00,0.000000000000000000e+00,0.000000000000000000e+00,0.000000000000000000e+00,0.000000000000000000e+00,0.000000000000000000e+00,0.000000000000000000e+00,0.000000000000000000e+00,0.000000000000000000e+00,0.000000000000000000e+00,0.000000000000000000e+00,0.000000000000000000e+00,0.000000000000000000e+00,0.000000000000000000e+00,0.000000000000000000e+00,0.000000000000000000e+00,0.000000000000000000e+00,0.000000000000000000e+00,0.000000000000000000e+00,0.000000000000000000e+00,0.000000000000000000e+00,0.000000000000000000e+00,0.000000000000000000e+00,0.000000000000000000e+00,0.000000000000000000e+00,0.000000000000000000e+00,0.000000000000000000e+00,0.000000000000000000e+00,0.000000000000000000e+00,1.162469254867733559e+00,0.000000000000000000e+00,9.145897814032903916e-01,6.589891934879337221e-01,4.098326532812108791e-01,7.179463796297113065e-01,1.113057810029955075e+00,4.556198178419321732e-01,8.652814627537216419e-01,7.872418371572625917e-01,4.160007032469815735e-01,8.196653065624217582e-01,6.188269167703854823e-01,5.193495209638726573e-01,7.666207104520645910e-01,7.986145121723755569e-01,4.738446105556094468e-01,7.448156303643562737e-01,7.414856051913412127e-01,5.641007268519160345e-01,5.509821052972203592e-01,9.196614437770608275e-01,5.923057631945118917e-01,6.362363696718541517e-01,4.747488941635399917e-01,7.037296196370438350e-01,8.728716510234911796e-01,6.180581876812297759e-01,6.669394652592358641e-01,7.549876192464187730e-01,6.529354869860760635e-01,6.891091981764403407e-01,4.733937593562226320e-01,6.478344284939974163e-01,7.273930425195760385e-01,4.811768289007640198e-01,5.571521176745687365e-01,4.906674961374654087e-01,3.760671512346107082e-01,3.933097557971462210e-01,6.067522452236463470e-01,4.068167138866639054e-01,4.752023315027602557e-01,6.642681456387048433e-01,0.000000000000000000e+00,0.000000000000000000e+00,0.000000000000000000e+00,0.000000000000000000e+00,0.000000000000000000e+00,0.000000000000000000e+00,0.000000000000000000e+00,0.000000000000000000e+00,0.000000000000000000e+00,0.000000000000000000e+00,0.000000000000000000e+00,0.000000000000000000e+00,0.000000000000000000e+00,0.000000000000000000e+00,0.000000000000000000e+00,0.000000000000000000e+00,0.000000000000000000e+00,0.000000000000000000e+00,0.000000000000000000e+00,0.000000000000000000e+00,0.000000000000000000e+00,0.000000000000000000e+00,0.000000000000000000e+00,0.000000000000000000e+00,0.000000000000000000e+00,0.000000000000000000e+00,0.000000000000000000e+00,0.000000000000000000e+00,0.000000000000000000e+00,0.000000000000000000e+00,0.000000000000000000e+00,0.000000000000000000e+00,0.000000000000000000e+00,0.000000000000000000e+00,0.000000000000000000e+00,0.000000000000000000e+00,0.000000000000000000e+00,0.000000000000000000e+00,0.000000000000000000e+00,0.000000000000000000e+00,0.000000000000000000e+00,0.000000000000000000e+00,0.000000000000000000e+00
0.000000000000000000e+00,0.000000000000000000e+00,0.000000000000000000e+00,0.000000000000000000e+00,0.000000000000000000e+00,0.000000000000000000e+00,0.000000000000000000e+00,0.000000000000000000e+00,0.000000000000000000e+00,0.000000000000000000e+00,0.000000000000000000e+00,0.000000000000000000e+00,0.000000000000000000e+00,0.000000000000000000e+00,0.000000000000000000e+00,0.000000000000000000e+00,0.000000000000000000e+00,0.000000000000000000e+00,0.000000000000000000e+00,0.000000000000000000e+00,0.000000000000000000e+00,0.000000000000000000e+00,0.000000000000000000e+00,0.000000000000000000e+00,0.000000000000000000e+00,0.000000000000000000e+00,0.000000000000000000e+00,0.000000000000000000e+00,0.000000000000000000e+00,0.000000000000000000e+00,0.000000000000000000e+00,0.000000000000000000e+00,0.000000000000000000e+00,0.000000000000000000e+00,0.000000000000000000e+00,0.000000000000000000e+00,0.000000000000000000e+00,0.000000000000000000e+00,0.000000000000000000e+00,0.000000000000000000e+00,0.000000000000000000e+00,0.000000000000000000e+00,0.000000000000000000e+00,0.000000000000000000e+00,0.000000000000000000e+00,9.813349922749308174e-01,0.000000000000000000e+00,0.000000000000000000e+00,7.761885196308735413e-01,0.000000000000000000e+00,1.222449240991130281e+00,7.077337711001279175e-01,1.196002021835071982e+00,1.034380126992494597e+00,8.376041095679965798e-01,1.216471494091418082e+00,0.000000000000000000e+00,7.947872860757028146e-01,1.213504490447292694e+00,1.159759536324918461e+00,8.821575196514005457e-01,8.563456817270050925e-01,0.000000000000000000e+00,9.334649926517635254e-01,9.755624334968431288e-01,8.264731579458304278e-01,1.083958259440936711e+00,0.000000000000000000e+00,1.043054174179014693e+00,1.113057810029955075e+00,1.115553455343923694e+00,1.110573305989709825e+00,1.118060317041325691e+00,6.834297267628982597e-01,9.911092451860357144e-01,1.017457752726768749e+00,6.537934836838238395e-01,7.448156303643562737e-01,7.087419388652279606e-01,5.634618811816420880e-01,7.117837497616451570e-01,0.000000000000000000e+00,1.176210026201867542e+00,0.000000000000000000e+00,0.000000000000000000e+00,0.000000000000000000e+00,0.000000000000000000e+00,0.000000000000000000e+00,0.000000000000000000e+00,0.000000000000000000e+00,0.000000000000000000e+00,0.000000000000000000e+00,0.000000000000000000e+00,0.000000000000000000e+00,0.000000000000000000e+00,0.000000000000000000e+00,0.000000000000000000e+00,0.000000000000000000e+00,0.000000000000000000e+00,0.000000000000000000e+00,0.000000000000000000e+00,0.000000000000000000e+00,0.000000000000000000e+00,0.000000000000000000e+00,0.000000000000000000e+00,0.000000000000000000e+00,0.000000000000000000e+00,0.000000000000000000e+00,0.000000000000000000e+00,0.000000000000000000e+00,0.000000000000000000e+00,0.000000000000000000e+00,0.000000000000000000e+00,0.000000000000000000e+00,0.000000000000000000e+00,0.000000000000000000e+00,0.000000000000000000e+00,0.000000000000000000e+00,0.000000000000000000e+00,0.000000000000000000e+00,0.000000000000000000e+00,0.000000000000000000e+00,0.000000000000000000e+00,0.000000000000000000e+00,0.000000000000000000e+00,0.000000000000000000e+00,0.000000000000000000e+00,0.000000000000000000e+00
0.000000000000000000e+00,0.000000000000000000e+00,0.000000000000000000e+00,0.000000000000000000e+00,0.000000000000000000e+00,0.000000000000000000e+00,0.000000000000000000e+00,0.000000000000000000e+00,0.000000000000000000e+00,0.000000000000000000e+00,0.000000000000000000e+00,0.000000000000000000e+00,0.000000000000000000e+00,0.000000000000000000e+00,0.000000000000000000e+00,0.000000000000000000e+00,0.000000000000000000e+00,0.000000000000000000e+00,0.000000000000000000e+00,0.000000000000000000e+00,0.000000000000000000e+00,0.000000000000000000e+00,0.000000000000000000e+00,0.000000000000000000e+00,0.000000000000000000e+00,0.000000000000000000e+00,0.000000000000000000e+00,0.000000000000000000e+00,0.000000000000000000e+00,0.000000000000000000e+00,0.000000000000000000e+00,0.000000000000000000e+00,0.000000000000000000e+00,0.000000000000000000e+00,0.000000000000000000e+00,0.000000000000000000e+00,0.000000000000000000e+00,0.000000000000000000e+00,0.000000000000000000e+00,0.000000000000000000e+00,0.000000000000000000e+00,0.000000000000000000e+00,0.000000000000000000e+00,0.000000000000000000e+00,0.000000000000000000e+00,1.072277674748685294e+00,0.000000000000000000e+00,0.000000000000000000e+00,5.860269035140046601e-01,1.063112908297841885e+00,8.744056961043760179e-01,4.068167138866639054e-01,6.760011427763451541e-01,5.647410227961293661e-01,4.676098130482988502e-01,7.067284674479971107e-01,7.117837497616451570e-01,4.466219399312297278e-01,7.128034972541402725e-01,6.354238072584801333e-01,5.035797986673987703e-01,4.980348759593492547e-01,8.223749439394875127e-01,5.082092350187844554e-01,5.455447818896819179e-01,4.356714895651400687e-01,5.951397620614712336e-01,6.769208722222992414e-01,5.634618811816420880e-01,6.052759623885523022e-01,5.686135326667314249e-01,4.926107337459306734e-01,5.473452597177007606e-01,3.424203999197453219e-01,4.897016152395570199e-01,5.628244808635632923e-01,3.929990845840363178e-01,4.720463387887950391e-01,5.061412422008035872e-01,5.731991256721082895e-01,8.024787759409515164e-01,0.000000000000000000e+00,0.000000000000000000e+00,0.000000000000000000e+00,0.000000000000000000e+00,0.000000000000000000e+00,0.000000000000000000e+00,0.000000000000000000e+00,0.000000000000000000e+00,0.000000000000000000e+00,0.000000000000000000e+00,0.000000000000000000e+00,0.000000000000000000e+00,0.000000000000000000e+00,0.000000000000000000e+00,0.000000000000000000e+00,0.000000000000000000e+00,0.000000000000000000e+00,0.000000000000000000e+00,0.000000000000000000e+00,0.000000000000000000e+00,0.000000000000000000e+00,0.000000000000000000e+00,0.000000000000000000e+00,0.000000000000000000e+00,0.000000000000000000e+00,0.000000000000000000e+00,0.000000000000000000e+00,0.000000000000000000e+00,0.000000000000000000e+00,0.000000000000000000e+00,0.000000000000000000e+00,0.000000000000000000e+00,0.000000000000000000e+00,0.000000000000000000e+00,0.000000000000000000e+00,0.000000000000000000e+00,0.000000000000000000e+00,0.000000000000000000e+00,0.000000000000000000e+00,0.000000000000000000e+00,0.000000000000000000e+00,0.000000000000000000e+00,0.000000000000000000e+00,0.000000000000000000e+00,0.000000000000000000e+00,0.000000000000000000e+00,0.000000000000000000e+00
0.000000000000000000e+00,0.000000000000000000e+00,0.000000000000000000e+00,0.000000000000000000e+00,0.000000000000000000e+00,0.000000000000000000e+00,0.000000000000000000e+00,0.000000000000000000e+00,0.000000000000000000e+00,0.000000000000000000e+00,0.000000000000000000e+00,0.000000000000000000e+00,0.000000000000000000e+00,0.000000000000000000e+00,0.000000000000000000e+00,0.000000000000000000e+00,0.000000000000000000e+00,0.000000000000000000e+00,0.000000000000000000e+00,0.000000000000000000e+00,0.000000000000000000e+00,0.000000000000000000e+00,0.000000000000000000e+00,0.000000000000000000e+00,0.000000000000000000e+00,0.000000000000000000e+00,0.000000000000000000e+00,0.000000000000000000e+00,0.000000000000000000e+00,0.000000000000000000e+00,0.000000000000000000e+00,0.000000000000000000e+00,0.000000000000000000e+00,0.000000000000000000e+00,0.000000000000000000e+00,0.000000000000000000e+00,0.000000000000000000e+00,0.000000000000000000e+00,0.000000000000000000e+00,0.000000000000000000e+00,0.000000000000000000e+00,0.000000000000000000e+00,0.000000000000000000e+00,0.000000000000000000e+00,0.000000000000000000e+00,0.000000000000000000e+00,0.000000000000000000e+00,0.000000000000000000e+00,1.178997253752108954e+00,0.000000000000000000e+00,0.000000000000000000e+00,5.108181119952669436e-01,8.390165954188700814e-01,5.765200939552607151e-01,4.395201776355034951e-01,6.180581876812297759e-01,6.948838562617177805e-01,3.942447235209112222e-01,6.266207066541434889e-01,5.413893809394885182e-01,4.289110698994740845e-01,4.263383385461781971e-01,6.478344284939974163e-01,4.005932697933896613e-01,4.241575797812361381e-01,3.457518006138915467e-01,4.720463387887950391e-01,5.443510296317176644e-01,4.474252168016096820e-01,4.454224181588092857e-01,4.676098130482988502e-01,4.556198178419321732e-01,4.535431550441112458e-01,3.319125023905203364e-01,5.812346274338667795e-01,7.107669158334142256e-01,5.958525042914849523e-01,8.837244068976730649e-01,1.170674920196211666e+00,0.000000000000000000e+00,0.000000000000000000e+00,0.000000000000000000e+00,0.000000000000000000e+00,0.000000000000000000e+00,0.000000000000000000e+00,0.000000000000000000e+00,0.000000000000000000e+00,0.000000000000000000e+00,0.000000000000000000e+00,0.000000000000000000e+00,0.000000000000000000e+00,0.000000000000000000e+00,0.000000000000000000e+00,0.000000000000000000e+00,0.000000000000000000e+00,0.000000000000000000e+00,0.000000000000000000e+00,0.000000000000000000e+00,0.000000000000000000e+00,0.000000000000000000e+00,0.000000000000000000e+00,0.000000000000000000e+00,0.000000000000000000e+00,0.000000000000000000e+00,0.000000000000000000e+00,0.000000000000000000e+00,0.000000000000000000e+00,0.000000000000000000e+00,0.000000000000000000e+00,0.000000000000000000e+00,0.000000000000000000e+00,0.000000000000000000e+00,0.000000000000000000e+00,0.000000000000000000e+00,0.000000000000000000e+00,0.000000000000000000e+00,0.000000000000000000e+00,0.000000000000000000e+00,0.000000000000000000e+00,0.000000000000000000e+00,0.000000000000000000e+00,0.000000000000000000e+00,0.000000000000000000e+00,0.000000000000000000e+00,0.000000000000000000e+00,0.000000000000000000e+00,0.000000000000000000e+00,0.000000000000000000e+00
0.000000000000000000e+00,0.000000000000000000e+00,0.000000000000000000e+00,0.000000000000000000e+00,0.000000000000000000e+00,0.000000000000000000e+00,0.000000000000000000e+00,0.000000000000000000e+00,0.000000000000000000e+00,0.000000000000000000e+00,0.000000000000000000e+00,0.000000000000000000e+00,0.000000000000000000e+00,0.000000000000000000e+00,0.000000000000000000e+00,0.000000000000000000e+00,0.000000000000000000e+00,0.000000000000000000e+00,0.000000000000000000e+00,0.000000000000000000e+00,0.000000000000000000e+00,0.000000000000000000e+00,0.000000000000000000e+00,0.000000000000000000e+00,0.000000000000000000e+00,0.000000000000000000e+00,0.000000000000000000e+00,0.000000000000000000e+00,0.000000000000000000e+00,0.000000000000000000e+00,0.000000000000000000e+00,0.000000000000000000e+00,0.000000000000000000e+00,0.000000000000000000e+00,0.000000000000000000e+00,0.000000000000000000e+00,0.000000000000000000e+00,0.000000000000000000e+00,0.000000000000000000e+00,0.000000000000000000e+00,0.000000000000000000e+00,0.000000000000000000e+00,0.000000000000000000e+00,0.000000000000000000e+00,0.000000000000000000e+00,0.000000000000000000e+00,0.000000000000000000e+00,0.000000000000000000e+00,0.000000000000000000e+00,0.000000000000000000e+00,0.000000000000000000e+00,0.000000000000000000e+00,0.000000000000000000e+00,8.884586447917678376e-01,6.378677449787051312e-01,7.998984583334244336e-01,7.338301490905456692e-01,4.292811398476186202e-01,6.195975605023537058e-01,5.628244808635632923e-01,3.954982838500715192e-01,3.977113038236530507e-01,6.067522452236463470e-01,3.847926071797292957e-01,3.893089523344209213e-01,3.251874778322810244e-01,4.510760118616409242e-01,5.332656388889495114e-01,4.802479161036581901e-01,4.849286950130505813e-01,6.030749588889575685e-01,6.038068459749877936e-01,7.273930425195760385e-01,6.624991226143674972e-01,1.237653833540770965e+00,0.000000000000000000e+00,0.000000000000000000e+00,0.000000000000000000e+00,0.000000000000000000e+00,0.000000000000000000e+00,0.000000000000000000e+00,0.000000000000000000e+00,0.000000000000000000e+00,0.000000000000000000e+00,0.000000000000000000e+00,0.000000000000000000e+00,0.000000000000000000e+00,0.000000000000000000e+00,0.000000000000000000e+00,0.000000000000000000e+00,0.000000000000000000e+00,0.000000000000000000e+00,0.000000000000000000e+00,0.000000000000000000e+00,0.000000000000000000e+00,0.000000000000000000e+00,0.000000000000000000e+00,0.000000000000000000e+00,0.000000000000000000e+00,0.000000000000000000e+00,0.000000000000000000e+00,0.000000000000000000e+00,0.000000000000000000e+00,0.000000000000000000e+00,0.000000000000000000e+00,0.000000000000000000e+00,0.000000000000000000e+00,0.000000000000000000e+00,0.000000000000000000e+00,0.000000000000000000e+00,0.000000000000000000e+00,0.000000000000000000e+00,0.000000000000000000e+00,0.000000000000000000e+00,0.000000000000000000e+00,0.000000000000000000e+00,0.000000000000000000e+00,0.000000000000000000e+00,0.000000000000000000e+00,0.000000000000000000e+00,0.000000000000000000e+00,0.000000000000000000e+00,0.000000000000000000e+00,0.000000000000000000e+00,0.000000000000000000e+00,0.000000000000000000e+00,0.000000000000000000e+00,0.000000000000000000e+00
0.000000000000000000e+00,0.000000000000000000e+00,0.000000000000000000e+00,0.000000000000000000e+00,0.000000000000000000e+00,0.000000000000000000e+00,0.000000000000000000e+00,0.000000000000000000e+00,0.000000000000000000e+00,0.000000000000000000e+00,0.000000000000000000e+00,0.000000000000000000e+00,0.000000000000000000e+00,0.000000000000000000e+00,0.000000000000000000e+00,0.000000000000000000e+00,0.000000000000000000e+00,0.000000000000000000e+00,0.000000000000000000e+00,0.000000000000000000e+00,0.000000000000000000e+00,0.000000000000000000e+00,0.000000000000000000e+00,0.000000000000000000e+00,0.000000000000000000e+00,0.000000000000000000e+00,0.000000000000000000e+00,0.000000000000000000e+00,0.000000000000000000e+00,0.000000000000000000e+00,0.000000000000000000e+00,0.000000000000000000e+00,0.000000000000000000e+00,0.000000000000000000e+00,0.000000000000000000e+00,0.000000000000000000e+00,0.000000000000000000e+00,0.000000000000000000e+00,0.000000000000000000e+00,0.000000000000000000e+00,0.000000000000000000e+00,0.000000000000000000e+00,0.000000000000000000e+00,0.000000000000000000e+00,0.000000000000000000e+00,0.000000000000000000e+00,0.000000000000000000e+00,0.000000000000000000e+00,0.000000000000000000e+00,0.000000000000000000e+00,0.000000000000000000e+00,0.000000000000000000e+00,0.000000000000000000e+00,0.000000000000000000e+00,0.000000000000000000e+00,0.000000000000000000e+00,0.000000000000000000e+00,1.176210026201867542e+00,0.000000000000000000e+00,0.000000000000000000e+00,9.317169308677715200e-01,8.519466456907363039e-01,0.000000000000000000e+00,8.169734664751887587e-01,9.029706734725770900e-01,7.493024715111293865e-01,1.141139543769243092e+00,0.000000000000000000e+00,0.000000000000000000e+00,0.000000000000000000e+00,0.000000000000000000e+00,0.000000000000000000e+00,0.000000000000000000e+00,0.000000000000000000e+00,0.000000000000000000e+00,0.000000000000000000e+00,0.000000000000000000e+00,0.000000000000000000e+00,0.000000000000000000e+00,0.000000000000000000e+00,0.000000000000000000e+00,0.000000000000000000e+00,0.000000000000000000e+00,0.000000000000000000e+00,0.000000000000000000e+00,0.000000000000000000e+00,0.000000000000000000e+00,0.000000000000000000e+00,0.000000000000000000e+00,0.000000000000000000e+00,0.000000000000000000e+00,0.000000000000000000e+00,0.000000000000000000e+00,0.000000000000000000e+00,0.000000000000000000e+00,0.000000000000000000e+00,0.000000000000000000e+00,0.000000000000000000e+00,0.000000000000000000e+00,0.000000000000000000e+00,0.000000000000000000e+00,0.000000000000000000e+00,0.000000000000000000e+00,0.000000000000000000e+00,0.000000000000000000e+00,0.000000000000000000e+00,0.000000000000000000e+00,0.000000000000000000e+00,0.000000000000000000e+00,0.000000000000000000e+00,0.000000000000000000e+00,0.000000000000000000e+00,0.000000000000000000e+00,0.000000000000000000e+00,0.000000000000000000e+00,0.000000000000000000e+00,0.000000000000000000e+00,0.000000000000000000e+00,0.000000000000000000e+00,0.000000000000000000e+00,0.000000000000000000e+00,0.000000000000000000e+00,0.000000000000000000e+00,0.000000000000000000e+00,0.000000000000000000e+00,0.000000000000000000e+00,0.000000000000000000e+00,0.000000000000000000e+00
0.000000000000000000e+00,0.000000000000000000e+00,0.000000000000000000e+00,0.000000000000000000e+00,0.000000000000000000e+00,0.000000000000000000e+00,0.000000000000000000e+00,0.000000000000000000e+00,0.000000000000000000e+00,0.000000000000000000e+00,0.000000000000000000e+00,0.000000000000000000e+00,0.000000000000000000e+00,0.000000000000000000e+00,0.000000000000000000e+00,0.000000000000000000e+00,0.000000000000000000e+00,0.000000000000000000e+00,0.000000000000000000e+00,0.000000000000000000e+00,0.000000000000000000e+00,0.000000000000000000e+00,0.000000000000000000e+00,0.000000000000000000e+00,0.000000000000000000e+00,0.000000000000000000e+00,0.000000000000000000e+00,0.000000000000000000e+00,0.000000000000000000e+00,0.000000000000000000e+00,0.000000000000000000e+00,0.000000000000000000e+00,0.000000000000000000e+00,0.000000000000000000e+00,0.000000000000000000e+00,0.000000000000000000e+00,0.000000000000000000e+00,0.000000000000000000e+00,0.000000000000000000e+00,0.000000000000000000e+00,0.000000000000000000e+00,0.000000000000000000e+00,0.000000000000000000e+00,0.000000000000000000e+00,0.000000000000000000e+00,0.000000000000000000e+00,0.000000000000000000e+00,0.000000000000000000e+00,0.000000000000000000e+00,0.000000000000000000e+00,0.000000000000000000e+00,0.000000000000000000e+00,0.000000000000000000e+00,0.000000000000000000e+00,0.000000000000000000e+00,0.000000000000000000e+00,0.000000000000000000e+00,0.000000000000000000e+00,0.000000000000000000e+00,0.000000000000000000e+00,1.167926857003262819e+00,1.047445981228189327e+00,0.000000000000000000e+00,1.069971701254602170e+00,1.135928860920981665e+00,1.019542707138094251e+00,0.000000000000000000e+00,0.000000000000000000e+00,0.000000000000000000e+00,0.000000000000000000e+00,0.000000000000000000e+00,0.000000000000000000e+00,0.000000000000000000e+00,0.000000000000000000e+00,0.000000000000000000e+00,0.000000000000000000e+00,0.000000000000000000e+00,0.000000000000000000e+00,0.000000000000000000e+00,0.000000000000000000e+00,0.000000000000000000e+00,0.000000000000000000e+00,0.000000000000000000e+00,0.000000000000000000e+00,0.000000000000000000e+00,0.000000000000000000e+00,0.000000000000000000e+00,0.000000000000000000e+00,0.000000000000000000e+00,0.000000000000000000e+00,0.000000000000000000e+00,0.000000000000000000e+00,0.000000000000000000e+00,0.000000000000000000e+00,0.000000000000000000e+00,0.000000000000000000e+00,0.000000000000000000e+00,0.000000000000000000e+00,0.000000000000000000e+00,0.000000000000000000e+00,0.000000000000000000e+00,0.000000000000000000e+00,0.000000000000000000e+00,0.000000000000000000e+00,0.000000000000000000e+00,0.000000000000000000e+00,0.000000000000000000e+00,0.000000000000000000e+00,0.000000000000000000e+00,0.000000000000000000e+00,0.000000000000000000e+00,0.000000000000000000e+00,0.000000000000000000e+00,0.000000000000000000e+00,0.000000000000000000e+00,0.000000000000000000e+00,0.000000000000000000e+00,0.000000000000000000e+00,0.000000000000000000e+00,0.000000000000000000e+00,0.000000000000000000e+00,0.000000000000000000e+00,0.000000000000000000e+00,0.000000000000000000e+00,0.000000000000000000e+00,0.000000000000000000e+00,0.000000000000000000e+00,0.000000000000000000e+00
0.000000000000000000e+00,0.000000000000000000e+00,0.000000000000000000e+00,0.000000000000000000e+00,0.000000000000000000e+00,0.000000000000000000e+00,0.000000000000000000e+00,0.000000000000000000e+00,0.000000000000000000e+00,0.000000000000000000e+00,0.000000000000000000e+00,0.000000000000000000e+00,0.000000000000000000e+00,0.000000000000000000e+00,0.000000000000000000e+00,0.000000000000000000e+00,0.000000000000000000e+00,0.000000000000000000e+00,0.000000000000000000e+00,0.000000000000000000e+00,0.000000000000000000e+00,0.000000000000000000e+00,0.000000000000000000e+00,0.000000000000000000e+00,0.000000000000000000e+00,0.000000000000000000e+00,0.000000000000000000e+00,0.000000000000000000e+00,0.000000000000000000e+00,0.000000000000000000e+00,0.000000000000000000e+00,0.000000000000000000e+00,0.000000000000000000e+00,0.000000000000000000e+00,0.000000000000000000e+00,0.000000000000000000e+00,0.000000000000000000e+00,0.000000000000000000e+00,0.000000000000000000e+00,0.000000000000000000e+00,0.000000000000000000e+00,0.000000000000000000e+00,0.000000000000000000e+00,0.000000000000000000e+00,0.000000000000000000e+00,0.000000000000000000e+00,0.000000000000000000e+00,0.000000000000000000e+00,0.000000000000000000e+00,0.000000000000000000e+00,0.000000000000000000e+00,0.000000000000000000e+00,0.000000000000000000e+00,0.000000000000000000e+00,0.000000000000000000e+00,0.000000000000000000e+00,0.000000000000000000e+00,0.000000000000000000e+00,0.000000000000000000e+00,0.000000000000000000e+00,0.000000000000000000e+00,0.000000000000000000e+00,0.000000000000000000e+00,0.000000000000000000e+00,0.000000000000000000e+00,0.000000000000000000e+00,0.000000000000000000e+00,0.000000000000000000e+00,0.000000000000000000e+00,0.000000000000000000e+00,0.000000000000000000e+00,0.000000000000000000e+00,0.000000000000000000e+00,0.000000000000000000e+00,0.000000000000000000e+00,0.000000000000000000e+00,0.000000000000000000e+00,0.000000000000000000e+00,0.000000000000000000e+00,0.000000000000000000e+00,0.000000000000000000e+00,0.000000000000000000e+00,0.000000000000000000e+00,0.000000000000000000e+00,0.000000000000000000e+00,0.000000000000000000e+00,0.000000000000000000e+00,0.000000000000000000e+00,0.000000000000000000e+00,0.000000000000000000e+00,0.000000000000000000e+00,0.000000000000000000e+00,0.000000000000000000e+00,0.000000000000000000e+00,0.000000000000000000e+00,0.000000000000000000e+00,0.000000000000000000e+00,0.000000000000000000e+00,0.000000000000000000e+00,0.000000000000000000e+00,0.000000000000000000e+00,0.000000000000000000e+00,0.000000000000000000e+00,0.000000000000000000e+00,0.000000000000000000e+00,0.000000000000000000e+00,0.000000000000000000e+00,0.000000000000000000e+00,0.000000000000000000e+00,0.000000000000000000e+00,0.000000000000000000e+00,0.000000000000000000e+00,0.000000000000000000e+00,0.000000000000000000e+00,0.000000000000000000e+00,0.000000000000000000e+00,0.000000000000000000e+00,0.000000000000000000e+00,0.000000000000000000e+00,0.000000000000000000e+00,0.000000000000000000e+00,0.000000000000000000e+00,0.000000000000000000e+00,0.000000000000000000e+00,0.000000000000000000e+00,0.000000000000000000e+00,0.000000000000000000e+00,0.000000000000000000e+00
0.000000000000000000e+00,0.000000000000000000e+00,0.000000000000000000e+00,0.000000000000000000e+00,0.000000000000000000e+00,0.000000000000000000e+00,0.000000000000000000e+00,0.000000000000000000e+00,0.000000000000000000e+00,0.000000000000000000e+00,0.000000000000000000e+00,0.000000000000000000e+00,0.000000000000000000e+00,0.000000000000000000e+00,0.000000000000000000e+00,0.000000000000000000e+00,0.000000000000000000e+00,0.000000000000000000e+00,0.000000000000000000e+00,0.000000000000000000e+00,0.000000000000000000e+00,0.000000000000000000e+00,0.000000000000000000e+00,0.000000000000000000e+00,0.000000000000000000e+00,0.000000000000000000e+00,0.000000000000000000e+00,0.000000000000000000e+00,0.000000000000000000e+00,0.000000000000000000e+00,0.000000000000000000e+00,0.000000000000000000e+00,0.000000000000000000e+00,0.000000000000000000e+00,0.000000000000000000e+00,0.000000000000000000e+00,0.000000000000000000e+00,0.000000000000000000e+00,0.000000000000000000e+00,0.000000000000000000e+00,0.000000000000000000e+00,0.000000000000000000e+00,0.000000000000000000e+00,0.000000000000000000e+00,0.000000000000000000e+00,0.000000000000000000e+00,0.000000000000000000e+00,0.000000000000000000e+00,0.000000000000000000e+00,0.000000000000000000e+00,0.000000000000000000e+00,0.000000000000000000e+00,0.000000000000000000e+00,0.000000000000000000e+00,0.000000000000000000e+00,0.000000000000000000e+00,0.000000000000000000e+00,0.000000000000000000e+00,0.000000000000000000e+00,0.000000000000000000e+00,0.000000000000000000e+00,0.000000000000000000e+00,0.000000000000000000e+00,0.000000000000000000e+00,0.000000000000000000e+00,0.000000000000000000e+00,0.000000000000000000e+00,0.000000000000000000e+00,0.000000000000000000e+00,0.000000000000000000e+00,0.000000000000000000e+00,0.000000000000000000e+00,0.000000000000000000e+00,0.000000000000000000e+00,0.000000000000000000e+00,0.000000000000000000e+00,0.000000000000000000e+00,0.000000000000000000e+00,0.000000000000000000e+00,0.000000000000000000e+00,0.000000000000000000e+00,0.000000000000000000e+00,0.000000000000000000e+00,0.000000000000000000e+00,0.000000000000000000e+00,0.000000000000000000e+00,0.000000000000000000e+00,0.000000000000000000e+00,0.000000000000000000e+00,0.000000000000000000e+00,0.000000000000000000e+00,0.000000000000000000e+00,0.000000000000000000e+00,0.000000000000000000e+00,0.000000000000000000e+00,0.000000000000000000e+00,0.000000000000000000e+00,0.000000000000000000e+00,0.000000000000000000e+00,0.000000000000000000e+00,0.000000000000000000e+00,0.000000000000000000e+00,0.000000000000000000e+00,0.000000000000000000e+00,0.000000000000000000e+00,0.000000000000000000e+00,0.000000000000000000e+00,0.000000000000000000e+00,0.000000000000000000e+00,0.000000000000000000e+00,0.000000000000000000e+00,0.000000000000000000e+00,0.000000000000000000e+00,0.000000000000000000e+00,0.000000000000000000e+00,0.000000000000000000e+00,0.000000000000000000e+00,0.000000000000000000e+00,0.000000000000000000e+00,0.000000000000000000e+00,0.000000000000000000e+00,0.000000000000000000e+00,0.000000000000000000e+00,0.000000000000000000e+00,0.000000000000000000e+00,0.000000000000000000e+00,0.000000000000000000e+00,0.000000000000000000e+00
0.000000000000000000e+00,0.000000000000000000e+00,0.000000000000000000e+00,0.000000000000000000e+00,0.000000000000000000e+00,0.000000000000000000e+00,0.000000000000000000e+00,0.000000000000000000e+00,0.000000000000000000e+00,0.000000000000000000e+00,0.000000000000000000e+00,0.000000000000000000e+00,0.000000000000000000e+00,0.000000000000000000e+00,0.000000000000000000e+00,0.000000000000000000e+00,0.000000000000000000e+00,0.000000000000000000e+00,0.000000000000000000e+00,0.000000000000000000e+00,0.000000000000000000e+00,0.000000000000000000e+00,0.000000000000000000e+00,0.000000000000000000e+00,0.000000000000000000e+00,0.000000000000000000e+00,0.000000000000000000e+00,0.000000000000000000e+00,0.000000000000000000e+00,0.000000000000000000e+00,0.000000000000000000e+00,0.000000000000000000e+00,0.000000000000000000e+00,0.000000000000000000e+00,0.000000000000000000e+00,0.000000000000000000e+00,0.000000000000000000e+00,0.000000000000000000e+00,0.000000000000000000e+00,0.000000000000000000e+00,0.000000000000000000e+00,0.000000000000000000e+00,0.000000000000000000e+00,0.000000000000000000e+00,0.000000000000000000e+00,0.000000000000000000e+00,0.000000000000000000e+00,0.000000000000000000e+00,0.000000000000000000e+00,0.000000000000000000e+00,0.000000000000000000e+00,0.000000000000000000e+00,0.000000000000000000e+00,0.000000000000000000e+00,0.000000000000000000e+00,0.000000000000000000e+00,0.000000000000000000e+00,0.000000000000000000e+00,0.000000000000000000e+00,0.000000000000000000e+00,0.000000000000000000e+00,0.000000000000000000e+00,0.000000000000000000e+00,0.000000000000000000e+00,0.000000000000000000e+00,0.000000000000000000e+00,0.000000000000000000e+00,0.000000000000000000e+00,0.000000000000000000e+00,0.000000000000000000e+00,0.000000000000000000e+00,0.000000000000000000e+00,0.000000000000000000e+00,0.000000000000000000e+00,0.000000000000000000e+00,0.000000000000000000e+00,0.000000000000000000e+00,0.000000000000000000e+00,0.000000000000000000e+00,0.000000000000000000e+00,0.000000000000000000e+00,0.000000000000000000e+00,0.000000000000000000e+00,0.000000000000000000e+00,0.000000000000000000e+00,0.000000000000000000e+00,0.000000000000000000e+00,0.000000000000000000e+00,0.000000000000000000e+00,0.000000000000000000e+00,0.000000000000000000e+00,0.000000000000000000e+00,0.000000000000000000e+00,0.000000000000000000e+00,0.000000000000000000e+00,0.000000000000000000e+00,0.000000000000000000e+00,0.000000000000000000e+00,0.000000000000000000e+00,0.000000000000000000e+00,0.000000000000000000e+00,0.000000000000000000e+00,0.000000000000000000e+00,0.000000000000000000e+00,0.000000000000000000e+00,0.000000000000000000e+00,0.000000000000000000e+00,0.000000000000000000e+00,0.000000000000000000e+00,0.000000000000000000e+00,0.000000000000000000e+00,0.000000000000000000e+00,0.000000000000000000e+00,0.000000000000000000e+00,0.000000000000000000e+00,0.000000000000000000e+00,0.000000000000000000e+00,0.000000000000000000e+00,0.000000000000000000e+00,0.000000000000000000e+00,0.000000000000000000e+00,0.000000000000000000e+00,0.000000000000000000e+00,0.000000000000000000e+00,0.000000000000000000e+00,0.000000000000000000e+00,0.000000000000000000e+00,0.000000000000000000e+00
